-2.849650007015205322e+00
-3.414189189000976121e+00
-1.074865504116514492e+00
-1.597009586568506195e-02
4.124243918038443257e-01
-1.247169079731362817e+00
2.215532025745757805e-01
4.904129987821741476e-01
-1.359960426464354999e-01
-8.072078850747790302e-01
-2.983735932272261415e+00
1.201861530456145744e+00
9.364039272088657551e-02
6.575917773693439328e-01
-1.480059847145664964e-01
-1.401419648537106100e-01
1.811870573803456286e-02
2.168071306457505509e-01
-3.245110066984661645e-01
-1.107181261215680612e+00
-1.365746865170820223e+00
-1.043859291053409466e+00
-1.333162020222865118e+00
-2.312096269101171941e+00
4.471723462860699438e-01
4.965249582469474787e-01
-3.906896626528152949e-01
-1.447126036496554635e-01
-1.597387646366986713e+00
-1.734925573456255199e+00
-1.806433791718360382e+00
1.237786575307539216e+00
-1.705193314146620898e+00
-8.356077239325943040e-01
-1.278955362356076542e+00
-4.749980856456289535e-01
1.601626858201380399e+00
-1.859189919574677052e+00
-1.032220060097102987e+00
1.575352635069742879e+00
7.029283525294814927e-01
1.821395661321324466e-01
-4.802410570217061636e-01
-1.167991799642607464e+00
-4.015028893677022315e-01
2.150888771073236894e-01
-1.771343624206315859e+00
1.317413794649012759e-01
-2.476423022217376924e-01
4.517833323967357373e-01
3.426155605375532431e+00
1.869302915630905448e-01
1.192366553497412329e-01
5.755543785976379167e-01
-1.002087309836326989e+00
-3.829971189374679619e-01
-1.508751272297527701e-01
-2.341779699446259744e-01
1.970332149345527806e-01
7.525147591253822377e-01
-1.128073376169061559e+00
-2.868079556134996433e-01
-7.839878174320936977e-02
1.754079239128652767e-01
1.024274206262085984e+00
-2.952123542653206090e-01
-1.165599236274435624e+00
3.144050776959355642e-01
-9.143491697246047822e-01
3.749217555679715819e-01
-7.089866334899160849e-01
2.704524919996842969e-01
2.897676292965531419e-02
5.711966722173476008e-01
-1.061939360635615198e-01
-6.544057796200443144e-01
-3.136293367586491243e-01
-2.509810776943883215e-01
-3.104287482904306839e-02
2.177821800779735639e-01
5.142665289760397496e-01
-1.982000913502891093e+00
2.601569861611986376e-02
1.683533296765357679e-01
-9.135987869147976781e-02
1.240477712073311700e+00
1.931755977860666051e-01
-7.842333345355141372e-01
4.253380715484967878e-01
-3.493819148090790416e-01
-1.223372926208581069e+00
-1.263574875532233799e+00
-1.764556267728801808e+00
-3.362245388088561660e-01
-1.474336866207023533e+00
-8.163966031418374847e-01
-1.517891611932597196e-01
1.643815126106859537e-01
-3.146034525081366495e-01
-2.010984756362758308e+00
-2.433130847716575840e-01
-1.498816850950908733e-02
-1.031043724542600071e+00
-1.626226666912847341e+00
-4.218184672242382693e-01
-1.954148249696892270e+00
-7.618310248031235909e-01
4.425862128799936124e-01
-8.193569127138811137e-01
6.610416815292782244e-01
-1.382485559164089439e+00
-1.316615123121312569e+00
5.126268341039939003e-01
4.136781185979583886e-01
-1.430188475382674629e-01
-1.039353215957963705e+00
8.331386644670394359e-01
-1.727854568781272748e+00
-2.648278731848649592e+00
-1.100139454940654848e-01
-1.556472223053395831e+00
-6.630255743991776418e-01
5.887343288777816541e-01
5.470803265585417741e-01
-1.033849845043911975e+00
8.812905182441386209e-01
-1.603388645419530079e+00
7.412656666557490004e-01
7.153984073333253813e-01
-2.460766469001371137e-01
-7.437871327671379262e-01
2.039854560174482856e+00
8.428074437227039972e-01
-1.042561689784682111e+00
-1.527125177591863281e+00
-1.000776676329601544e+00
-1.209001490539538759e+00
1.684640217325502620e+00
1.969229467406125034e-01
-4.583494454269053109e-01
1.008998674830926978e+00
1.559077292847144136e-01
3.570578401917657296e-01
-7.439362027107100650e-02
-5.271277999531007730e-01
5.142330960572446541e-01
1.868671272733460342e-01
7.542800823218194228e-01
-4.315350556248242486e-01
5.781545811997635953e-01
-5.389324028816872003e-01
1.664700596864237547e-01
-7.577008301069431129e-01
-7.808122129180214976e-01
-6.918811346838262821e-01
9.574003378604428738e-01
7.799606103240932509e-01
1.337659433373214191e-01
8.840495659157773245e-01
4.848015919870313772e-01
-1.075475893442392472e-01
-1.563885621904969603e-01
-9.279642257045127296e-02
2.726974676855457691e+00
2.765303999336665708e-01
7.855684384482352067e-01
5.339539383647784465e-01
-1.916259968793299628e-01
2.845138626821308581e-01
-9.483268697693734151e-01
-5.367116707167333967e-02
-1.744940190893579324e+00
-2.812990733960669676e+00
1.172241258781387074e+00
-4.069711055584386283e-01
-1.189866308070137935e+00
1.277923675426178685e+00
8.234514753079987814e-01
-8.144871398926283312e-01
-4.146214087299076034e-01
4.153110327399899271e-01
1.463225138610974474e+00
-8.812601979592372681e-01
-1.609420130499053636e+00
-2.512083404121903119e+00
-8.289935390544661553e-01
1.727348571063161142e-01
6.111452443622150676e-02
-1.118443742119247380e-01
1.649076393874522317e+00
-5.486464200845033723e-01
-1.271973730567902860e+00
-2.940761338971571437e+00
1.109684609062720595e+00
1.026472926107783845e+00
-3.300114144062590155e-02
8.745219402791083452e-01
2.110053647532399851e-02
1.495838282879292658e+00
-2.871441822774452590e-01
-2.124984701034341228e+00
-3.362569626124211619e-01
-1.848172474703609458e+00
-2.947590800992216931e-01
9.422694801730778502e-02
4.499487717815891519e-01
1.058044518324384176e-01
-1.083258813247825803e+00
-1.051155698695297680e+00
-2.515348013573325048e+00
-1.821236233462027121e+00
-1.859906230051153520e+00
2.818252399682489445e-02
-5.595042727112935488e-01
8.660028624909979489e-02
-2.340715669988792103e-01
-3.686940474742247953e-02
-5.369281993869903097e-02
4.422345183821440040e-01
3.900806445330041727e-01
-9.703658630460485490e-01
-6.197279750366231355e-01
-1.410382867945004337e+00
-2.474923063438667914e-01
5.296455045792541894e-01
-8.042524927073624319e-01
-3.332848873071436180e-01
8.400149468462939639e-01
4.232828878470968476e-02
-7.257251441524537050e-01
9.056725007709838238e-01
1.158279169962126154e-01
-1.335768292817293146e+00
-2.946151845477130715e-01
7.523630286767696296e-01
2.029815762434012405e-01
-5.540939506264417336e-01
-7.715217621488051902e-02
2.735936370095725101e-01
-6.194947845093756733e-01
4.702148450683642511e-01
-1.908603584392246921e-01
1.087748878314840129e+00
-3.332965530502638885e+00
1.088402553462781475e+00
1.493745199545594704e-01
1.119874349085412391e+00
3.100145566510340012e-01
-2.545418667775125154e+00
1.024784042508716103e-01
2.728483395107819121e-01
1.330345740402339161e-01
-3.086011127178917235e+00
-2.223102878498282475e+00
-1.564790071442601960e+00
2.657499758875622176e-01
-1.659628251256139997e+00
-1.576797006757699293e+00
-7.677214274589313492e-01
2.370803389161441344e-01
5.920052595198622702e-01
1.001709859152116966e+00
3.136479893668465024e+00
2.322748683548667703e+00
5.686055042097265533e-01
2.615058018597404832e-01
-6.871486277630214357e-01
-1.770642117760198864e-01
-1.026649114658720663e+00
1.241542060683799437e-01
6.092462019225909353e-01
-1.290137940850439646e+00
2.560605940589488760e-01
-2.885940211147264289e+00
1.377276848636088458e+00
-3.824603449899940943e-01
4.657037678111070056e-01
1.464577831027224497e-01
-5.512012315678550545e-01
2.053525195748198418e-01
-5.141268115996734389e-01
2.782220575320629719e-01
-2.833117341792150412e-02
-4.171366151318048332e-01
-1.764011981652734207e+00
1.058645748694832189e+00
-4.155981849597873423e-01
-9.076513909509445477e-02
-2.147896045016363331e+00
7.461979139429487651e-01
-2.189543844317807797e-01
1.014164729961262612e+00
-5.025467647290284834e-01
-4.962431960267247866e-01
-1.090964174845709289e+00
4.427403468082353188e-01
-7.681461395834465744e-01
1.162764145018559736e+00
-9.526623031154661803e-01
4.699998322166503151e-01
-1.067173492381673139e+00
-5.735436041414507802e-01
-2.128329195058872081e+00
-1.036114514240350060e+00
-2.051685026308615323e-01
3.958592304736113787e-02
4.506343306074898636e-01
2.753685999933136452e-01
-9.820354617867309566e-01
2.003656329540040304e-01
-8.641309201355785730e-01
4.785388422478424331e-01
-1.691218801642818074e-03
-1.208722133094420892e+00
-2.858885986311476834e-01
-2.578443541903012171e-01
-6.866397276573135144e-01
2.440970855340132695e-01
1.236976588146381451e+00
4.687766284476936884e-01
4.825167354736425995e-01
1.127182459424718841e+00
-4.233508085824741474e-02
1.047182387662805247e+00
-6.972271518258210676e-01
-1.628771630167158868e+00
1.256404175037467930e+00
1.469649722472291087e+00
-1.125488648696155947e+00
1.569386669761720643e-01
-8.869732664004040812e-01
9.829340503717226563e-01
-1.766827898332711810e-01
-9.756476995713553313e-02
-2.352926812647878896e-01
4.986413473648679262e-01
2.773130903838614270e-01
-9.911619634122410538e-01
-1.058687359594321808e+00
-1.238901995105904152e+00
-6.178258377860640360e-01
3.579453530645604897e-01
-8.657214649143622764e-02
-5.612998561029062250e-01
1.002228418323315440e+00
4.915017544541382399e-01
-2.601273687859647410e+00
-7.264427335847184475e-01
-1.218464943342893569e+00
1.899283078722768248e-01
-3.665496509119049728e-02
-2.872349486969868693e+00
-2.957185115170674061e-01
-3.069049783240755946e+00
-9.336508011738104962e-01
-2.358990589895666012e+00
-2.470898090849365403e+00
1.052367676447251155e+00
8.875093106280720345e-01
-2.865808419472805069e-01
-3.396832554567036366e-01
-1.342608601436264593e+00
-2.784119531324881838e-02
1.497968801900276370e+00
-1.736056870607419977e+00
2.263071976512580907e-01
1.316475378558389808e+00
-8.174322366086655967e-01
2.962631998536284228e-01
-1.173376208125159748e+00
-1.191276720340709749e+00
-2.709557374843863942e-01
-6.429502419078916287e-01
-3.053473310202927671e+00
4.051735755676763584e-01
-4.115771010435121391e-01
-7.110052445288657097e-01
-7.486133941493017252e-01
6.353152456827410033e-02
4.443316364150311504e-01
-1.343706746302129496e+00
4.473721733453241423e-01
1.288818820919769736e+00
-6.074686512721555465e-01
4.212828780616268975e-01
1.261734066122109088e-01
-2.922189702506818310e-01
-1.330952938985757505e+00
-1.206877300798303798e+00
8.829910810354297396e-03
-8.806772753731039183e-01
8.264488632922536437e-01
9.557622832097266707e-01
-3.998314606051177056e-01
2.315904957805755282e-01
-1.103454085705652815e-01
1.428608976402435116e-01
8.299421434466776326e-02
-4.130916222631338813e-03
-3.971143476474390255e-01
2.978159676964697508e-02
-8.636598388278160510e-02
-7.913089232808651063e-01
-6.573166914246958425e-02
-5.192523727485406360e-01
1.246290481589810595e+00
-1.332837487440418522e+00
2.193335547045544842e-01
-2.482751199255897046e+00
6.296075048550962006e-01
-1.689260166717229561e+00
-1.280309082497060214e+00
-1.378929550634542034e+00
-4.856466908412549466e-01
6.970078949967140058e-01
-8.399970599312669428e-01
2.822022177592780956e+00
-4.262973819004145515e-01
1.386301221240307524e-01
1.420266843405901813e+00
-7.609224083897947466e-01
1.338061646509839830e+00
-1.122245194121240797e+00
1.609254696732069223e-01
4.881199655557814654e-01
-2.283029760548570541e-01
-1.841999992616744519e+00
-7.972389071761500912e-01
-1.676669154627673963e+00
1.830056524649273930e+00
4.471097909382080737e-01
-2.382166519648106218e-01
-4.493081747781321744e-01
-3.897387371917644394e-01
6.530148285033073874e-01
-2.237169351205854362e+00
-1.647734148737541315e-01
-2.798130445784936526e-01
1.551781138221419720e+00
-3.867066064225049282e-01
7.179525920249855142e-01
-5.874519646335080170e-01
-1.680818025964812223e+00
-2.623960217016559682e+00
-2.009924733145203479e+00
-1.002089051871264180e+00
-2.224333942387441532e+00
-6.858110264002675871e-01
3.352054198223919923e-01
-5.036334927116205007e-01
9.919408632362023415e-01
-2.722382819563365364e-01
-6.600717858700390073e-01
-1.827814462353875680e+00
-6.387626334649441073e-01
1.429871573701809506e+00
-1.208474512891256403e+00
8.976430006770692582e-01
1.200125269431776776e+00
-9.566309896865840545e-02
7.972940629228342235e-01
-4.764030484499680584e-01
-1.078918758961656899e+00
1.557414672317716242e+00
1.446827401342547947e+00
6.746656437348511615e-01
-3.144816217708153866e-02
8.554330858312017005e-01
-9.835598885096686894e-01
-8.065367236120496441e-01
3.656646503216355315e-01
-2.687265492251937893e-01
4.481362015570676260e-01
-1.006489236807273313e+00
-2.627385462685019601e-01
-1.976377395640804280e-01
4.623149886406869302e-01
-8.770399921786599107e-01
3.422659193904942776e-01
1.264651652842478047e+00
-9.846879148667690984e-01
-1.019062757884847015e+00
9.525094833367361291e-01
-8.014560997265182118e-01
5.805468654446552801e-01
1.443068087173314251e-01
-8.912755427637480965e-01
7.007800702074212795e-01
-1.779651411788267523e-01
-3.749841637990815046e-01
-2.095790999890884687e-01
-3.381411910725776182e-01
1.217991009624542764e+00
-3.298121760511293354e-01
9.881486326491663030e-01
2.481828084319606997e+00
-1.478220000003097612e+00
-2.163257273568182371e-01
2.112602251336306303e+00
5.732000728084410968e-01
-3.463999465032440161e-01
4.845150507560509745e-02
3.743292642795023606e-01
9.376494946350748538e-01
-7.049833017227269405e-01
-1.387970717154385358e-01
6.956457688974470033e-01
-4.525431000188619990e-01
-8.556350835185644321e-01
7.635095994104470485e-01
-5.448420978553616956e-02
1.415864624839698327e-01
2.279500677000964315e-01
6.852644220984992207e-02
2.735625415704647789e-01
-8.446883233828382798e-01
6.109831943131168591e-02
-1.613335002739995361e-01
5.432894776161895090e-01
1.500725617524519273e-01
1.471405383914105025e-01
-9.826933713539144355e-01
1.811178076484121657e+00
-1.315563448759126342e+00
6.266250729942842712e-01
-2.600453483000697563e+00
6.642738499785763029e-01
-8.572946650114249278e-02
-2.079308631975407273e-01
1.212631851581370268e-01
-4.507122004539754756e-01
-1.656524119505123072e-01
-7.751733207150556249e-01
2.246127729594430411e-01
7.077190739182762647e-01
-4.684512847598279461e-01
-4.822807526680751855e-01
1.356254457447239270e+00
-3.004353552612512024e-01
1.946618893902300473e-01
3.565512796986671784e-01
5.867502599457518064e-01
8.698252596758817567e-01
-5.410388699705922372e-02
-2.475299227757947473e-01
-2.268016795649208384e-01
-6.027240833307161427e-01
-4.409913079911086942e-01
-1.133029967430677853e+00
3.347080489706054096e-01
6.344769470297054181e-02
4.133884530268525648e-01
-6.142658501151114780e-01
9.708972214392966316e-02
-6.409584548035744678e-02
-7.160767120873675617e-01
-2.058835422851328367e-01
2.418331496524320778e-01
3.589337750797989002e-01
-4.767005732635943294e-01
7.990996139454241698e-01
8.959765447833012431e-02
6.654858289735250398e-01
6.807415478865926906e-01
3.246443111668844139e-01
-3.493424728812808966e-01
3.035527167238818991e-01
8.059796864084564083e-01
-6.723056852098625580e-01
-1.203620099465653320e-01
-5.788546517026826876e-01
3.018009265665315688e-01
-3.885314023443382503e-01
-4.007489397051358093e-01
-1.346807848092449689e+00
-5.299277899031584055e-02
7.536673161491408424e-01
-1.021802984422813393e-01
-2.409187946749257458e-01
-7.119298208033457698e-01
-2.019216059314122624e+00
4.143393871633981734e-02
6.565617704455392611e-03
9.866709108813787044e-02
1.610091072208613971e-01
-2.108989390069559711e-01
-8.386185886679242696e-01
-8.385241845958142370e-01
-3.266747948750055031e-01
6.028460361607125284e-01
-1.392888820888625590e-01
2.149494587203804874e-01
-4.451329003954185293e-01
-2.033970235641108792e-01
9.798135181310362318e-01
-1.145170873020312063e+00
-3.966178457502117505e-01
4.185983807673587243e-01
-4.301150573035884550e-01
1.811914307528546542e-01
1.963337111785450062e-01
4.955296279024727912e-01
-1.761652915411758558e-01
2.140880756484156711e-01
7.236057999724462286e-01
5.897678013195364888e-02
2.234509935554776783e-01
1.019153050542580985e+00
-6.419871554686132908e-01
7.096640834508535778e-02
-5.912852187210114741e-01
-3.262954331966810284e-01
-1.371731744171190925e+00
5.690756019177530822e-01
8.103862471715354010e-01
1.090145452778757518e+00
-1.396780873190405448e+00
-2.259957957405308582e-01
-3.206797393074926616e-01
-1.137795549991881261e+00
3.088347293933119131e-01
6.613875154375694482e-03
-3.271594497420439174e-01
9.937782800458767607e-01
-1.247460110167597780e-01
-7.805360152942517615e-01
1.769304590935298072e-01
2.339349143942790754e-01
1.798992520334660450e-01
9.009626314115928847e-02
-8.345972729289096170e-01
2.161735814395174260e-01
-1.204261229921644860e+00
3.572176041654314127e-01
-4.871887279620912836e-01
-6.772387569969104959e-01
2.662480013766051479e-01
-4.670511509947078421e-01
-1.448917997801028035e-01
7.103206825201223706e-01
-3.760487520078182322e-01
-2.375604107802836429e-01
1.100470442701468737e-01
6.216427524780111513e-01
-2.884431496768684600e-01
3.030623273281327079e-01
-8.420162690651379622e-02
1.255273798192140799e-01
7.882274880606351397e-01
-6.108454626889177064e-01
-1.448236525133909935e-01
-6.321932016755992256e-01
1.240658400199490113e-01
-5.042972317547360639e-01
2.586236948395593815e-01
-3.709981005233978224e-02
-1.156453085029518046e+00
-5.954627964569888521e-01
4.498375912703179158e-01
-1.297161598968606944e+00
6.529363941522140502e-01
-1.339159332905008777e-02
1.495042717929785603e+00
-2.410794880847116906e-02
-9.039062355041562746e-01
7.211697561648165722e-02
-1.289397892169251048e+00
4.429411806985293354e-01
6.966464411188059147e-01
7.922808216614294352e-01
-5.380754341712503663e-01
-2.103346083851201920e-01
9.913818251314365781e-01
-3.059797722687290777e-01
-4.162172805686494281e-01
2.478088024301790815e-01
-2.025817138037153409e-01
1.859109786495281857e-02
-2.162728941251909898e-01
2.667988112247735022e-01
-3.607511163312394631e-01
-6.175716438527725227e-01
4.310252127977655112e-01
5.380869497192012352e-01
-1.696960393880858620e-01
-1.112627798745688124e-01
6.826486873175841019e-01
-2.794751142598328117e-02
-2.054295412105968111e-01
-7.355356649146920223e-01
7.456233246417837135e-01
2.482436680064361301e-01
-3.643838562533648351e-01
-7.232301037241546660e-02
-1.950461690732333553e-01
-6.163863197647952985e-01
-2.446513054951792443e-01
-1.999905758383894311e-02
5.045678254436738452e-01
1.641491034955872841e-01
-3.717304121781014326e-01
-7.005250197520407340e-01
-1.545460491530935343e+00
5.183984726313599634e-01
-1.895665932742317261e-01
1.907121106644134312e-01
-6.262292310471965218e-01
-3.212389687486247869e-01
1.072949136683895022e+00
2.164138279502491602e-01
2.141413411521103927e-01
2.279512567017830671e-01
-5.840657009443316061e-02
-1.539841200604802340e-01
-1.953708007998108953e-01
-3.285354610543254894e-02
-6.698790233174227726e-01
1.229145273225937945e-01
-1.752786993913601210e-01
-8.102466120038867570e-02
7.798164824630683389e-01
-2.396690774894857656e-01
7.420503803644605822e-01
-1.381436626047548299e-01
3.790437309298155810e-01
2.013760834415659617e-01
-5.821279723831562780e-01
-3.587914306364345385e-01
-2.804037980990057854e-01
