1.580465185885374657e+00
-1.408712455503338568e+00
-1.705152278452433334e+00
-1.460916765304944853e+00
-4.844104053292404011e-01
-1.233883093751687365e+00
-4.916488510970825621e-01
8.838677993422458523e-02
2.655101064427015878e+00
-2.332868735584078534e-01
1.084007061519949744e+00
6.004359238025984702e-01
-1.252883901012247225e+00
-6.945775161901647232e-01
-3.141784539754515215e+00
-2.284560179934927993e-01
2.140734828402480749e-01
2.942536374558392745e-02
-9.036482841608116656e-01
-8.593662992641634135e-01
1.136082570603154235e-01
-2.538371312542888909e-03
2.458433983968844050e-01
-1.444339258212051558e+00
-1.710737227138499295e+00
2.871477333210362692e-01
-4.000605695917441307e-01
4.710348884440090922e-01
7.671381649340953679e-01
-1.510270225627998453e-01
9.669924483917311520e-01
-1.486238815173835270e+00
1.568702748870481667e+00
-9.592065046048297017e-01
5.574828752847172941e-01
1.971608809818673202e-01
-2.994805495236672055e-01
4.563789574105440727e-01
-1.272725461153725757e+00
-1.003182494640862066e+00
-9.588272541903138935e-01
-2.508623898151454146e-01
-1.748678381569544582e+00
2.739181305732159566e-01
8.247578692598298566e-01
4.587825179756667149e-01
1.000032607938171336e-02
-2.014359752068312082e-01
-1.386768257405047056e+00
-2.241993828293693092e+00
-9.984441174615386050e-01
-1.665761397003890032e+00
-1.045732262793805045e+00
-1.931331137587345648e+00
-9.700008165019494699e-01
-8.026419753941240742e-01
-1.428065893295679345e+00
5.199442823345570286e-01
1.674677157615053646e+00
-9.304837518952290276e-01
2.463229991479764514e-01
-2.416353245571526198e+00
1.259289358649388513e+00
-3.023256732028589133e-01
-2.829033697371086120e-01
1.589369944960351777e+00
1.402289816089990815e+00
1.258660716018313197e+00
-1.127853285016544804e+00
2.805214300446110531e-01
-3.955850003777459545e+00
4.124417412790637449e-01
3.235084156285636392e-01
-2.905725163657640331e-01
2.332007069774340857e-01
-3.771626194378727703e-01
-8.542927090421796876e-01
5.139289247601654953e-01
6.066217263927654590e-01
-9.127760323511192597e-01
-1.619422417088919597e-01
-4.191737045993955135e-01
1.019588104765486891e+00
-4.125908155530828569e-01
-1.353088993644403937e+00
-1.135044922930288136e+00
-1.058369427316565803e+00
-2.594311245650592124e+00
-3.485977953806270513e+00
-6.541567415509369487e-01
9.274936029203577625e-01
1.187186215546945478e+00
2.519386570826713800e-01
-5.851240595516814524e-01
1.807458810476217648e-01
4.573608144022393157e-02
-1.997596462512180260e+00
8.085961315501598579e-01
2.152546531313996425e+00
-3.150255298079707611e+00
-6.479874776928242763e-01
2.561231070855898295e-01
1.331160976802356621e-01
-6.912488701732076857e-01
-8.799210780158951417e-01
6.120019787608563799e-01
-3.692909574733260203e-01
-1.331257203334388795e+00
-1.558470544598075658e-01
-7.143328491837152017e-01
-1.780862703910500278e+00
4.798446516496208680e-01
-1.661252670110674234e+00
1.330844765204850302e-02
7.997759369888406411e-01
1.564052254805307962e+00
2.598639152863922441e-01
-6.155760781827795958e-01
3.604184889859838314e-01
2.093444125674830680e-01
-2.540645538446983931e+00
-1.079725615637675107e+00
-2.126670963806059689e+00
-1.414391684514527681e-01
-3.611895568045983551e-01
9.187469306464867147e-01
-1.106980150593144696e+00
-1.715455696956175613e+00
-1.833308667474359055e+00
-1.275793351728082614e+00
-4.274199244885491522e-01
-9.440856326824256239e-01
-1.010139614739366642e+00
-1.822479659885754277e-01
-1.903949747361435518e+00
1.703268638821620939e+00
1.581883232219670199e-01
-1.044124791784606598e+00
-6.523016722200525308e-01
-9.640935120463235419e-01
-4.812994559066423594e-01
7.848340911703188816e-01
-8.979002590039505405e-01
-1.665363591896382445e-01
-4.755501660875794401e-01
-4.343362124753538112e-01
-2.256794246569502060e-01
1.013200584923662939e+00
-1.067961455495041179e-01
9.470859928396867522e-01
1.414921318441535014e+00
-3.413264726938456950e-01
5.161115909917316502e-01
6.902898030222265335e-01
-6.884386998390451540e-01
1.694380733870629152e+00
-2.056518908451571814e+00
7.738360785565658873e-01
-2.745247257128118346e+00
-6.010012963254791896e-02
-1.905830011469942797e-01
-1.633077747236947097e+00
2.932578799857739615e-01
-2.496269601793814186e+00
-2.572662175901664350e-01
-2.354999135185934733e+00
9.172492103678432374e-01
1.143021328668696102e+00
-5.795598825726242520e-01
7.799510721020932458e-01
-4.555828056681936467e-01
3.340866938989239809e-01
-1.336074246789637376e+00
1.451675297998347824e+00
-3.009845804330003594e-01
-6.771241731712612788e-01
-1.037523626308824110e+00
1.283946292623945551e+00
-1.608630257814353426e+00
1.688552157185162272e+00
-1.660227629712545339e+00
-4.327180729934382852e-01
-8.854889526835376667e-01
-1.335820029553076216e+00
-1.939236739699594647e-01
-1.842237204649580962e+00
-3.193495020194094813e+00
6.597786573404020027e-02
2.953928667247480988e-02
5.794588345852559955e-03
1.973256326310283415e-01
-8.223673227319501233e-01
3.136300821827462948e-01
5.944506946507054357e-01
1.875073316839222848e+00
-6.425558044434532823e-01
3.719551221822267051e-01
-3.291543412622318865e+00
-1.353240910007941666e+00
-1.334302128446634539e+00
2.059012447201754026e-01
3.238780055347871278e-01
2.013989741986243198e-01
-1.373686982323512273e+00
-3.185443970102245226e-01
-2.199987521796772594e+00
-1.140756250021156548e+00
-1.103994246933259094e+00
-9.107088080945610065e-01
-7.956971961155415718e-01
-2.972712430404141237e+00
-1.372204769816907401e-03
-2.921456955287514423e-02
1.008450782879563246e+00
-3.102009652468159517e-01
2.918417497888528001e-01
-1.653440047525461143e+00
-6.452993548744287988e-01
-8.060232847815422819e-01
5.639016317087882646e-01
-1.467332287424653270e+00
1.526660330516027786e+00
1.418288525611477002e+00
4.560194585240947562e-01
-1.318336282002883664e+00
-1.087516599378258508e+00
8.967777936922831372e-02
-1.481371094893382034e+00
1.676542626085612220e+00
-1.425830996182151811e+00
2.085570131827791870e-02
-1.302072402808998053e+00
-1.281817741240176556e+00
1.753090503772798847e+00
-1.352709493533781338e+00
-8.930719693371329260e-02
4.740904503694410854e-01
2.287537610834804724e-01
1.218539062751371471e+00
-3.008576957330467150e-01
8.864164490300925348e-01
-1.664986391649849518e+00
6.283257141540711244e-01
4.417595044523256465e-01
-6.390839811150291760e-01
-9.421615560964633485e-01
-2.533570295490946700e-01
-2.687888849187796581e+00
1.238389707959311359e+00
-4.099154581680257703e-01
-9.899890443883748725e-01
1.251704601902680514e+00
-9.521018382931037971e-01
5.186459693816433125e-01
-1.010672043503382023e+00
1.839892177854355104e+00
4.061395648853873275e-01
-1.808120938404312206e+00
-6.679517524515861393e-02
-6.448953858068309231e-01
-1.123041812199284228e+00
-2.696233775056892323e+00
4.161074394497347173e-01
-1.038161170026054014e+00
-7.937025760582953060e-01
4.472858386724877233e-01
-9.540602982515137276e-01
1.052354022271412504e+00
-1.782698156085225083e+00
1.438228459482172150e+00
-3.886361055489161997e-01
3.023589286773213924e-01
-8.362226288996678081e-01
-1.069605045541313304e+00
-9.620949202187977223e-01
-2.987577306872930549e+00
-9.156014795761467928e-01
-7.651827960813294416e-01
-2.546803678530629722e-01
-1.663013959058965208e+00
7.476334639580932417e-02
5.765858366385739897e-01
-2.175457961549324803e+00
-1.304036530212061840e-01
-1.971151675758993360e-01
6.335150079588625083e-01
-7.455525048382372066e-02
7.327829288650472561e-02
-1.809847119737109988e+00
-2.725512417448684443e-01
1.447443604644830795e-01
5.235624792721402798e-01
1.277900465675336217e-01
1.792506501950101860e-01
-1.291997029192799795e+00
1.017774916959584552e-01
-1.193934257826383183e+00
1.324929465466483380e+00
-2.966504518447272698e-01
2.197402607794347040e-01
-5.314079499045397670e-01
-7.802275524927616834e-02
-3.082770122948998437e-01
1.100068494437289157e+00
-3.532813130558427051e-01
1.195976434069146166e-01
-1.347940264518177722e+00
-2.783965297563029684e-01
6.181863883574584273e-01
1.987315616999512535e+00
-5.408929820067441829e-01
-2.056442392368352801e-01
-2.878008594876602655e-01
-8.164277946915620143e-01
-9.250073772068329037e-02
3.192142322406659183e-01
-8.493248687871823854e-01
5.201172075601458861e-02
3.117226830209350874e-01
-7.503154403373955006e-01
1.658930350362814166e-01
-1.454099840222037754e+00
-3.174720011634462047e-01
-8.884274585179902095e-01
1.151801309006964535e+00
-1.137942527138984250e+00
1.198904525752077843e+00
-1.211689085479337402e+00
6.966913286615338263e-01
5.350681202936804493e-01
-6.120920905507928195e-02
-7.530268240626751541e-02
-7.228437758316592632e-01
1.294669003717905831e+00
2.152988972257552369e-01
3.719724369649599627e-01
5.388600036518605974e-01
1.044622102962333432e-01
-1.096256562778056276e+00
-9.645377506045769156e-01
-2.239830067648309331e-01
1.007690246853689242e+00
9.190067100179572651e-03
