-2.490265469186700997e+00
-3.065709461819813519e+00
-1.013225261746930839e+00
-1.467110820372785895e-01
4.970514261497352426e-02
-1.168367955011117010e+00
1.120304585668888964e-01
-6.311267984403867715e-01
-2.660458812053880795e+00
1.156909611116253567e+00
-7.761205843837147567e-02
3.238008068458646527e-01
8.277465627323984942e-02
-4.957922203588263632e-01
-3.975351244182020460e-01
-1.209959084052412592e+00
-1.250921760874570188e+00
-6.737098667344755265e-01
-9.359335170147545790e-01
-2.265143840778245821e+00
4.188697852160626067e-01
2.989112808519976960e-01
-1.566689636674601704e+00
-1.607676861107659505e+00
-1.980319604708909331e+00
1.204282634405999586e+00
-1.909562842440973407e+00
-6.892132978863289017e-01
1.390549365671428284e+00
-1.928750383070591212e+00
-1.117772591079882361e+00
1.245222003986683257e+00
9.270328728100669657e-01
1.277477124685898469e-01
-2.910031126386029010e-01
2.928973624869948833e-02
-1.613089111947465737e+00
2.339369828147921937e-01
-1.954067231830288465e-01
3.908718705011460237e-01
3.336340199785370331e+00
2.787334174075592474e-01
-8.888673567592565439e-01
2.441572749978707380e-01
-1.371862831564827911e-01
-5.910335625931231185e-01
-1.639716890827837004e-01
1.081894685867265810e-01
-8.542370527135223490e-01
-2.089996665854281677e+00
2.051276104116412508e-02
5.515206335035397478e-01
1.141001965841154930e-01
1.062616577336123802e+00
-1.017707967508052896e-01
-7.277942463629916148e-01
-1.588765550008571559e+00
-1.019522605976950658e+00
-1.574560769954419293e+00
-3.779427391573887962e-01
-1.698576998737249877e+00
-1.136692655512775874e+00
2.338255287884106470e-01
-1.669920936516858578e+00
-5.186576757145472394e-01
2.156011014539314374e-01
-1.106423316719912231e+00
-1.364500171083956825e+00
-2.994130589185530766e-01
-1.805975781790362111e+00
-7.662159513755023577e-01
5.260190144373756427e-01
-1.322060474525930562e+00
-8.377950051469744697e-01
3.764249790771284077e-01
6.171929875218367112e-01
-3.299889320708355167e-01
-1.665385207255387190e+00
-2.638877246994656200e+00
-7.072660271301153823e-02
-1.678831259784843599e+00
-7.171347979210627166e-01
7.532219793178349665e-01
2.967454844204190922e-01
-1.570044006912974410e+00
7.756081111003209072e-01
7.400887107093937489e-01
-1.320428586782293190e-01
-7.650060771565075912e-01
2.095355681358115341e+00
1.136737297614703435e+00
-8.938730316974230483e-01
-1.637708340555998232e+00
1.592868192275811445e+00
2.861885538614921676e-01
2.567420736199563930e-02
1.130971787705175258e+00
6.208461222547209113e-01
-1.125114390592105301e-01
2.367596836135595240e+00
-1.353244676890150329e-02
1.089310601913171528e+00
5.399047927388229695e-01
-2.369613918693619647e-01
2.487953847168617449e-01
-1.870712283184943647e+00
-3.189151320124973044e+00
9.850991958813756222e-01
-4.211827402487462457e-01
-1.178196006502350679e+00
1.562595694910489774e+00
1.143970769934913312e+00
4.825777156313607597e-01
1.520552717102801044e+00
-5.002078478612732582e-01
-1.163964632875532423e+00
-2.304796865939929607e+00
-7.556867680736970572e-01
3.491848433314000411e-01
1.445070004889672743e+00
-6.035009404879092543e-01
-1.013098396730145234e+00
-2.682495460790598862e+00
1.085148783495497149e+00
4.273461591874844201e-01
-1.977533376385687547e-01
1.644008662288390488e+00
7.248298482931268827e-02
-2.053350785631479880e+00
-4.987289229162497617e-01
-1.913470203005004144e+00
-3.916582047492840335e-01
2.473867198289037284e-01
-1.153707400052731868e+00
-1.093008101974847213e+00
-2.305135769651506017e+00
-1.472461305707158941e+00
-1.782577704878633318e+00
-2.175818196601249643e-01
-4.204503182573983144e-01
-1.360948466393637202e-01
2.909569484651331472e-01
4.414520721543688242e-01
4.707870681275595492e-01
-7.217758976423667150e-01
-5.298919973361876368e-01
-1.330770166995538961e+00
-3.033419444761487505e+00
1.530783261059925460e+00
3.784017196548110085e-01
1.049396599096328764e+00
1.227800983242113980e-01
-2.523453071576145401e+00
2.332621080529606039e-01
-3.368541468309758535e+00
-2.104839527572153202e+00
-1.094039196113661960e+00
8.874800391083502438e-02
-1.376565596657840285e+00
-1.508608353423585680e+00
-6.627903917878071871e-01
6.488335499417767771e-01
2.426519099722105999e+00
2.185942037857270037e+00
4.387980353973970904e-01
3.196457834767470474e-01
-6.007529594922845773e-01
3.558550364999110097e-03
9.463613890435953468e-01
-9.070425373364283672e-01
1.250496331121396243e-01
-2.663976519499968276e+00
1.348438431877889476e+00
-3.762256658067131831e-01
9.124522648552009507e-02
4.325730885923938507e-01
-3.184335467539063380e-01
2.172350972847927608e-01
-2.863383936204111913e-01
-3.644610983256034720e-01
-1.294866767949368391e+00
9.031733305253576427e-01
-1.802382409398406660e+00
1.009759570135726703e+00
-9.815655296684847597e-01
7.912749599362658426e-01
-4.509340801748477623e-01
-2.884340367192190224e-01
-1.393193441851948267e+00
1.324667068459309149e+00
-1.010384509711919510e+00
3.972193512638709234e-01
-7.191696587864809809e-01
6.750905055896701951e-03
-1.422469148857320231e+00
-9.754862158164596675e-01
-5.976032474945656148e-01
-1.189259069372370803e+00
1.141521379627223221e+00
1.167674906191665585e+00
-9.670730651628355323e-01
1.719237294646953351e-01
-4.424976088568599586e-01
2.911947401253056622e-01
-3.088379523058655263e-01
4.841439008308874858e-01
-4.626524624232972865e-02
-1.317996176260172181e+00
-7.884782680479124339e-01
-1.219733338805793821e+00
-2.017199731485420366e-01
-4.929184458593376394e-01
7.098716976279467739e-01
3.551394337141844937e-01
-2.306833137240871245e+00
-6.600434646492473467e-01
-6.710337464843778577e-01
-2.639735758413006117e+00
-4.708295856993906514e-01
-3.069893523439219063e+00
-8.212858531091076220e-01
-2.176428193268601596e+00
-2.165502386012379432e+00
9.032534379751793185e-01
-4.600225578435919727e-01
-1.288047855735687808e+00
-1.703439045366440807e-01
1.203349076466248446e+00
-1.565123757328016341e+00
4.777398278488467764e-01
1.385296894227246112e+00
-1.708022667842872044e+00
-1.312967335457145390e+00
3.199159571048107997e-01
-6.592476293003018961e-01
-3.125717225626791773e+00
7.767596247690647937e-01
-9.468475950435567556e-02
-1.329651646222493599e-01
-1.687837839482626487e-02
-1.089334985214028828e+00
6.259623926816201278e-01
1.220035895419290917e+00
-5.491920942401640193e-01
4.123732834110472867e-01
1.291005385960483531e+00
-1.718638234676907794e+00
-5.899765286096426455e-03
-2.403226123875592979e+00
8.517260822928542918e-01
-1.498118290357507210e+00
-1.406305614632141321e+00
6.448232006537435446e-01
-4.499751213240251180e-01
2.935008696669720418e+00
-3.821637560787086163e-01
4.728911969194158349e-01
1.048046231348377377e+00
-4.978135629184785582e-01
6.196342827288123800e-01
4.953718819415537933e-01
-4.462367703594918855e-01
-1.916608950171994730e+00
-7.864268519929998869e-01
-1.820108256531645985e+00
1.440752254379423780e+00
-7.943217495239007775e-01
-6.889291713294970476e-01
8.440050986582086079e-01
-2.171397101705867527e+00
-5.132460149956654533e-02
-5.056140858002936556e-01
1.361112695394554262e+00
-4.118218714840710115e-01
-1.360767493007756457e+00
-2.643692991759988953e+00
-2.011888122479134289e+00
-1.124604038474914969e+00
-2.225206359203415474e+00
-3.704452194351282590e-01
1.084827266261198409e+00
-4.949415036781920629e-01
-3.993844150639263013e-01
-1.738053322942396672e+00
-5.607538406038961032e-01
1.480076273544529863e+00
-7.584369443002632050e-01
-4.624908935709255431e-01
9.134421905993719282e-01
2.750275100671618067e-01
-1.558968357572148244e+00
1.045269486942757453e+00
1.509890263101362873e+00
1.811387173021822006e-01
-5.658573985895705150e-01
9.469481142764802906e-01
-5.305394352970328742e-02
-2.539961368905541694e-01
-4.330373572783652314e-02
-4.171152581073785948e-01
1.361424324682638076e+00
1.825311302340309583e+00
-1.039188324219623816e+00
-1.607747124730725119e-01
1.744464851386218873e+00
4.889569535359210573e-01
-4.798657007026165822e-01
-5.466780492265644886e-01
-6.859475158302278386e-01
-2.158129411521257368e-01
7.653152100919405898e-01
-1.600300073597134831e-01
-8.455041356472414726e-01
1.065071822472405616e+00
2.714573314465657666e-02
3.847215789617944859e-01
4.532476080556863685e-01
-1.141204359523998679e+00
1.203193901541728811e-01
-1.034135052669741747e-02
5.851818775293049502e-01
-3.651300247473114324e-01
1.480690095167750187e+00
-9.033780400273752065e-01
5.338588608457300877e-01
-2.228402024818244342e+00
2.722886468745979727e-01
-3.417146167439177318e-01
-2.641185176898594097e-02
-3.178317561043885187e-01
-5.784268432390967662e-01
2.768880836756044128e-01
5.320519843562863116e-01
-2.975880088567397497e-01
-8.059651680666360951e-01
1.264897587978041082e+00
5.365763629533393253e-01
-2.700804870058662321e-01
1.321962232300494255e+00
-4.143757571304321208e-01
-8.677038670013420552e-02
2.370969119271364167e-01
-6.769477817491226235e-02
