-2.943736298140415819e-01
-7.759189522873584099e-01
5.041553566991302526e-01
-2.804267181487376082e+00
2.453052410578334008e+00
-3.647654417497146362e+00
7.671887778714707729e-01
-1.504089892846542043e+00
-6.239486891557547432e-01
-3.247889233474640314e+00
-2.281120320242587596e+00
-1.050570900371663896e+00
6.131910107490786688e-01
-4.560027921619560498e-01
-4.367258822822023490e+00
-1.855834891052090763e+00
1.204327944935397410e+00
-1.129659436148976598e-01
-9.721698877538620387e-01
-1.379536513654707530e+00
-1.397616832030983192e+00
-1.693561823870161007e-02
-1.716771592715999439e+00
-1.342502289511585900e+00
-3.164693739637230774e+00
-1.550321303534185624e+00
6.037001968120044859e-01
1.325657252397190566e+00
-2.110614699009641715e+00
6.652642107645814207e-01
-1.470827883497470401e+00
8.830771180837717615e-01
2.414637044171738800e-01
-5.807736467066390018e-01
-1.985772468464942486e+00
-6.264779597550383938e-01
-1.809825821799694312e+00
1.968725426661966926e+00
-4.438207606624651191e-01
-8.767107152876965070e-01
7.115664310787589431e-02
3.079903542680902939e-01
-5.723063599834670168e-01
-9.483388437998175879e-01
8.844124819525784886e-01
1.847105958276753779e-01
-1.344152914771776119e+00
1.422225109967740320e+00
-1.994029068743538857e-01
3.295429208779898644e-01
2.005317448608228137e-01
2.389431769001419514e+00
-4.493956214262683213e-01
2.759551727132802945e+00
1.365725873086667264e+00
-1.716341417025667448e+00
6.361268823070539424e-01
-6.457093084992255871e-01
6.319769222049499424e-01
2.192042991614295389e+00
2.169415975673978814e+00
1.239934234591845374e+00
9.497730669469992559e-01
1.189579811319399161e+00
-2.403483479173689652e+00
-1.166924482985780998e+00
-8.638694677047831227e-01
-4.753722146791711234e-01
1.146570271427002768e-01
-2.411934465696846441e+00
-5.199252298706873443e-01
-2.770722977876228565e+00
-2.026839828169745061e+00
-1.390545223932795338e+00
-1.008911326975083345e+00
-6.304958694595224067e-01
8.527908663672243428e-01
8.160582672895189127e-01
-1.252457891799412915e+00
1.908147670789761996e+00
-1.627712833630478917e+00
1.905506370042249875e+00
1.142886428613580224e-01
8.131834667239901115e-02
3.659476066194809363e+00
-2.457254342237326306e+00
3.360042313456391150e-01
-1.784329022688306399e+00
-2.941382814270101509e-01
-2.837615301612740892e-01
-2.786378188997791772e-01
-1.112331364047127291e+00
-5.296455726288751276e-01
1.271223086262420754e+00
1.714894445298849712e+00
3.854697669303432939e-01
-1.657923803675829255e+00
1.435933512203359241e-01
