-1.580667575739036268e+00
-3.247122740282437636e+00
-2.671567943179161200e-03
-7.111287168585332941e-01
9.893384719295650331e-01
-3.080017277577222212e-01
1.670154541234268430e+00
-8.566828514184793297e-01
1.025623524700939537e+00
-2.238589885905203136e+00
-1.701388789313952321e+00
1.699435444730196254e-01
-4.320889271830918865e-01
4.725194250898957088e-02
1.533492345420734981e+00
1.322276169559969405e-01
1.396475880113374091e+00
-1.347534231660729720e+00
1.780411970519186537e+00
-2.894147932423605241e+00
7.922131749867434847e-01
1.558832058055427128e-01
-1.081330575265719851e+00
-2.194961206143629384e-01
-1.851455196819587146e+00
-2.181712535594637348e-01
-3.064879760916395135e+00
3.745655344713733625e-01
-2.271050848981793546e+00
-4.291824856635748642e-01
-1.755896246896797575e+00
-3.589795965728834748e+00
-1.082767104366545441e+00
-1.356268175463092307e+00
-1.859946068202041669e+00
-6.137369413383362421e-02
-9.225795928776039934e-02
4.172287974922306297e+00
-1.382082855904417595e+00
8.787541430999407099e-01
-7.409500982492550625e-01
-1.366600959683287542e+00
9.026022677161951169e-01
-9.884201500620267700e-01
-8.593982881753687852e-01
1.152623015767439085e+00
1.565359943874706561e+00
-1.080583878701713019e+00
3.415774438597604101e-01
-1.091751124915780080e+00
-3.472353127348843937e+00
-1.002311474948149650e+00
7.959008842772866688e-01
-2.692998181409636871e+00
-1.402833230893427430e-01
-4.271777883335212828e-02
-2.767325960292101428e+00
-1.217370417253297088e+00
-1.660480543126505504e+00
2.254674576286424426e+00
-5.607522786973715423e-01
4.605261499457375951e-01
1.421752233734810300e+00
1.989421333158136185e-01
-3.339647868616704152e+00
-1.828403404412061173e-01
1.171785809537399192e+00
1.802200148331054297e-01
-1.527099771070652645e+00
-2.368735644691954079e+00
1.087854021926969450e+00
-5.729526370764495002e-01
-7.159260729068463169e-02
2.972382820520267810e+00
1.894425110867963502e+00
9.252046953377778271e-01
-7.235490435228211226e-01
-1.719623774147694739e+00
1.082063110026322494e+00
1.191249400697398375e+00
-6.277468249015651924e-01
-1.284192763516147640e+00
-2.070243196987455292e+00
-1.063482147550383505e+00
2.851504809922214556e-01
-1.240611663144920662e+00
-6.052383289631159125e-01
-1.822933859166557369e+00
-3.648443998842687996e+00
1.247877867633852667e+00
2.769056610221284354e-01
-1.762841347477300369e+00
1.271580768503740133e+00
-9.520931460183404971e-01
-3.230063781996616035e-01
-1.288508417843447496e-01
-5.038422786806657783e-01
1.167507288437239221e-01
