-1.721526927247613470e+00
-3.341131551629075602e+00
1.169541436827855330e-01
-5.696033278942628231e-01
1.185270159699138626e+00
-1.574066004488141046e-01
1.667502616913516311e+00
-2.645935056390582019e-01
-7.263661548264925827e-01
1.394545103910926453e+00
-2.032306762735962558e+00
-1.399728615475898552e+00
2.477021500726068193e-01
-1.383382079570198153e-01
4.164072321436163709e-02
-2.137056274817507262e+00
1.591709232538078611e+00
1.292178007772896431e-01
1.524726855071218967e+00
-1.280519699299095482e+00
1.884412400783783248e+00
-2.877984078507981991e+00
8.023933306957855560e-01
-1.280406238676675246e+00
1.575488710664373349e-01
-1.150887705694372931e+00
-3.805179308942773231e-01
-1.695352548515329572e+00
-2.004842743364330659e-01
-3.152448849737327308e+00
6.522222543950102480e-01
5.102776456787622150e-01
-2.663520304781694215e+00
-4.645618088403024037e-01
-1.838187580398707555e+00
-3.465555393106972026e+00
-6.996039848805639672e-01
-1.274211064355107226e+00
-1.872498448401113347e+00
3.812911879069676435e-01
-3.431486802602994046e-02
-1.225520985543648717e-01
4.111566104812495404e+00
-1.593674980763561067e+00
1.060454255747973473e+00
-5.620340647997206229e-01
-1.224881586190403882e+00
-1.770035273620189920e-01
7.384977349749096698e-01
-1.064584735971154883e+00
-5.785483353903911885e-01
1.317735604032476804e+00
1.756960487001922200e+00
-1.166705941217814013e+00
1.726770393607104936e-01
4.661611466719933761e-01
8.336517283185197469e-01
-1.740480086703307949e-01
-1.154242993901855446e-01
-2.308343409316976347e-01
-2.326213359993831276e+00
-1.051022754315955599e+00
2.842243193693977377e-01
6.568327406321532447e-01
-1.182863051169549262e+00
-3.605410116493168893e+00
-6.453955660973738073e-01
8.274770537813872506e-01
-2.694003950693929728e+00
-1.636685660453691404e-01
-8.991664779491842507e-02
-2.242310614061173712e-01
-2.611066826964609344e+00
-1.044757025788593197e+00
-1.395032724033323568e+00
2.168276889170447586e+00
-7.869599179281755452e-01
4.712964038235260555e-01
1.206799111015849801e+00
-2.537858605987602933e-01
3.221206157660230773e-01
-3.251570034001015852e+00
-3.645928325605373929e-03
1.124778037611563031e+00
2.110080912550718335e-01
-1.597921781519153761e+00
-2.541520310178165598e+00
3.741172340771493909e-02
1.234909996763954965e+00
-4.753695241009756600e-01
-3.047510693370665269e-01
3.168676397128232125e+00
1.943622158149393098e+00
9.962843654495270318e-01
-5.964414483170354941e-01
-1.736491870293085826e+00
-1.874668752041388275e+00
1.219720030429335411e+00
1.483018326848456914e+00
-5.039776015078153426e-01
-1.192264654556176362e+00
-2.022215867066546657e+00
-9.585638852343170146e-01
-7.753270172688302431e-01
4.892964250520602243e-01
-9.066031903117602875e-01
-4.872284056613901404e-01
-1.832033746378452177e+00
-3.427378184576916453e+00
1.507290412872867025e+00
4.343742932098282883e-01
-1.612782956476397578e+00
-1.799130502516724572e+00
1.440017531170701082e+00
-6.734206359443521972e-01
-3.267524356628942472e-01
-5.475484676448810761e-01
-5.972669451489261983e-01
4.877517532555169372e-02
-2.958099939426357960e-01
-7.316195222329655024e-02
-7.010715256637500836e-01
-2.214944001347023406e+00
-1.542277578529822391e+00
4.777834721734607326e-01
-1.198512298836132001e-01
1.223726425363940579e-01
7.383870326251334992e-01
