-2.663152689565772224e+00
-3.348784307370231250e+00
-1.075847884535583443e+00
7.490213874894333101e-02
2.274199415156069326e-01
-1.110731570822466319e+00
3.719816629937579000e-01
5.396421358815709501e-01
-7.214924442147130357e-01
-2.864208739574051421e+00
1.200981417803437923e+00
1.420743700484351502e-01
5.312365105138721066e-01
-2.493920155974067854e-02
-4.615132354298870920e-01
1.481816180808465284e-02
-2.909253980813696350e-01
-9.753027802199134566e-01
-1.362222949855397713e+00
-8.238431494716782488e-01
-1.277648793972673058e+00
-2.272589597071660528e+00
5.264558345721619403e-01
3.323840970996959632e-01
6.767410121085246089e-02
-1.536129315440212029e+00
-1.487523796275131538e+00
-1.921556155737715432e+00
1.161217038415355951e+00
-1.909084191580908696e+00
-1.006020975349137592e+00
-9.198375539473437890e-01
1.329933383595451657e+00
-1.783186502715551125e+00
-1.091323319097730726e+00
1.277782140837154579e+00
6.801023653357224363e-01
7.927595315859470304e-02
-2.000780095836308392e-01
-1.155703240569458057e+00
2.074865271039114112e-01
-1.816399611893070531e+00
1.679044356400278271e-01
-4.181373243309192134e-01
3.820341672101991715e-01
3.318928838353384592e+00
2.397162396766633619e-01
1.479393070782490660e-01
-9.229411212645910467e-01
3.370447842417372830e-01
-2.783862357269288323e-01
-4.993312746943917024e-01
-1.049395708008734746e-01
2.673287140863274125e-01
-8.064778348698106170e-01
-1.362858205448582993e-01
1.531937038439916687e-01
8.668890000856592781e-01
-1.996300883559793959e-01
-8.222281056330368321e-01
1.759909128993830119e-01
-7.745260608717233763e-01
6.317058255492795649e-01
-7.561267341842543566e-01
-1.886972574117128376e+00
4.647696359780823655e-02
4.028955433175634426e-01
5.485909050560464767e-02
1.094123268584023645e+00
2.531883873593908096e-01
-8.348347033158806108e-01
4.586168501680980003e-01
-1.528480665156611185e+00
-1.091546414111860930e+00
-1.520277088645414221e+00
-5.468162563433596191e-01
-1.654841884584871359e+00
-1.005072401629619305e+00
2.818978991743669726e-01
2.858021244245829706e-01
-1.836874499865560395e+00
-3.908946238004441520e-01
1.822379350319902336e-01
-1.266003124182527140e+00
-1.539134055677253698e+00
-1.397804348490336301e-01
-2.001278874731978519e+00
-5.698201098550194077e-01
-8.090928944519041321e-01
5.520405432394080991e-01
-1.371078349841855282e+00
-1.082723497159247428e+00
2.413582031877445355e-01
3.255638054176407392e-01
8.454932288978304900e-03
-1.094124791832660870e+00
-1.798046221120299659e+00
-2.294818595332429823e+00
-2.713578380322662631e-01
-1.488790775699395441e+00
-6.890437623660641275e-01
5.290176261280172820e-01
1.412734698422424273e-01
-8.482179160270080231e-01
-1.600109441522443943e+00
9.838761778035430838e-01
6.927702393271241155e-01
-1.841752502591287033e-01
-6.445831326611402012e-01
1.852733413096389947e+00
9.024658471811027871e-01
-8.437945922095080320e-01
-7.870255216941327570e-01
-1.842815891691481855e+00
1.591245981500711393e+00
2.850372148264146421e-01
-1.041199070839956241e-02
1.252490925863420257e+00
4.313590834006195696e-01
6.180760902975824811e-01
-7.085432561226978621e-01
5.831923945401334963e-01
1.643753510039957511e-01
7.661231972943461921e-01
-3.379136143340459308e-01
1.011263179737651452e+00
-6.024104023090238735e-01
1.844112477358172408e-01
-9.331016774650235934e-02
2.687724513270605353e+00
1.540056959993961194e-01
9.614015277864885745e-01
3.733987734928198576e-01
-4.218622383055294911e-01
2.774518590756753778e-01
-9.345248430291595021e-01
-1.757394112787763030e+00
-2.978292532793162639e+00
1.087651343710494212e+00
-3.007075183419246622e-01
-1.246967211838043932e+00
1.316152943226225114e+00
1.179950234621647720e+00
-7.916571954345650308e-01
3.223829537779092647e-01
1.403259534353718418e+00
-7.539123632490571936e-01
-1.427806167824018591e+00
-2.485902250945823955e+00
-8.056781777516746068e-01
2.439529099150792857e-01
-2.069753071535308103e-02
1.793610072020292767e+00
-6.564014935491589986e-01
-1.278740051608686201e+00
-2.876340787753061790e+00
1.148112750548771377e+00
5.939902577113255200e-01
-3.533837683783888073e-01
8.783722416597995464e-01
1.500685096075904168e+00
-5.782807060720781406e-02
-2.164938102513179974e+00
-2.968729007175517909e-01
-1.536006544391233630e+00
-1.930208727217015974e-01
2.237623534269689851e-01
4.105063200191999551e-01
-1.131212152846738483e+00
-9.241761201350364718e-01
-2.638917157912989087e+00
-1.616308780261316747e+00
-1.843043717859066621e+00
-1.134367855395742863e-01
-7.683304629762586213e-01
4.524094197079066987e-02
-2.008822676078154124e-01
5.210986780498255699e-01
3.714983031086648846e-01
3.053887229802600967e-01
-1.085779485955628454e+00
-7.338958414693257382e-01
-1.258686646271932164e+00
-4.874666467235679312e-01
-7.970870382535578669e-01
-2.252155079891029199e-01
7.431836029520402231e-01
5.634078218641692254e-02
-5.945147768485417039e-01
7.426305957718277728e-01
8.759604276161761516e-02
-1.071415737804619850e+00
-3.087081992920658990e+00
1.104607813753499812e+00
1.560347791636120807e-01
1.079371108291735659e+00
7.726449406291484301e-02
-2.619131778511075925e+00
3.840583107991465406e-01
1.724926180170845424e-01
-3.136810947014724071e+00
-2.397046022912471042e+00
-1.344600425073947836e+00
1.030782917445598468e-01
-1.574275443627046966e+00
-1.483567410648246820e+00
-5.754140266483321886e-01
5.976197978622325158e-01
9.799028954873392205e-01
2.664917120253658567e+00
2.390581293458934553e+00
5.377017677583615374e-01
3.067412710683927735e-01
-5.645190893550712241e-01
1.499707455906599263e-01
-8.359268974436470101e-01
8.101604483850214367e-01
-1.175232440390646449e+00
3.179255067537893331e-01
-2.612787868122170565e+00
1.488180448873954287e+00
-6.555532090504165854e-01
1.468926826075611369e-01
-5.764600907840054800e-02
3.037987247982285033e-01
-2.632069782858897922e-01
1.622401543054660666e-01
4.882503621286611584e-02
-2.381585701441909786e-01
-1.699031750718589473e+00
1.124385257523734971e+00
-3.835171791679503062e-01
-2.194256324082960674e+00
1.031926932847329281e+00
-5.953723873166137937e-01
1.057720424377460944e+00
-2.789069911467039198e-01
-4.749888375041450006e-01
-1.655155354706265625e+00
4.709041723901278842e-01
1.405832886025217832e+00
-1.023202059330641678e+00
8.366554716550923532e-01
-8.526087163274527203e-01
-1.039790268051122568e-01
-1.454166116455906099e+00
-1.064361027865171616e+00
2.519555200758461216e-03
4.762398258182071187e-01
2.507683114209759423e-01
-9.241454489944493922e-01
1.462338559495963142e-01
-8.349210943540166241e-01
5.508889532577576631e-01
-1.046432204153252832e-01
-7.948954466071584957e-01
-9.900176058888150443e-01
-1.440754805970281938e+00
1.255797626668860190e+00
1.357213260466670235e+00
-1.001265674166096797e+00
2.145168069222562202e-01
-3.878459965524071462e-01
7.456172283063856598e-01
2.057992374581555858e-02
-3.525828824400649153e-01
5.476726780579392884e-01
1.237490935502106038e-01
-9.183621803302896014e-01
-9.733843098517513948e-01
-1.412390346477256475e+00
-4.937323724509014022e-01
-2.453393532594607407e-01
-5.444384369724935002e-01
9.004683364616121732e-01
2.970641561164998334e-01
-2.319686046205193364e+00
-5.901164906800454579e-01
-9.746262686622781946e-01
1.026675003995557584e-01
-2.510903596271491178e+00
-4.311432532456983546e-01
-3.180761203924515446e+00
-8.127565633462502381e-01
-2.236470779484905691e+00
-2.322661328796415958e+00
9.456289042220097363e-01
8.165081358090676700e-01
-5.284284047469727241e-01
-1.465242428142433218e+00
-3.723187740297001502e-02
1.218332571817967835e+00
-1.648435649834001149e+00
3.857551950507462357e-01
1.222696509315134294e+00
-7.764313380467507963e-01
-1.343037645014116155e+00
-1.224818659481335503e+00
3.748368418877928016e-02
-6.518959354503883752e-01
-3.064574548606761262e+00
7.134875632828580061e-01
8.691364912540150423e-02
-4.914980597433062370e-01
-3.362227727428155483e-02
1.293450644111722447e-01
-1.347815402978012056e+00
7.104650175963580505e-01
1.144547327900895306e+00
-6.841973790409990874e-01
5.249712026528282616e-01
-7.403517263631588519e-02
-1.065881335047437872e+00
-8.520991160802329212e-01
7.310342877755907076e-02
-7.504344135083055312e-01
7.718014439134168736e-01
7.895954522961583510e-01
-4.354678302136255064e-01
4.694843073418076412e-02
1.168529461260371161e+00
-1.416351053667672888e+00
1.017367850481737251e-01
-2.460326285848319028e+00
6.516332142652726533e-01
-1.559192866130425070e+00
-1.393592786266994565e+00
-1.097671916163365013e+00
8.204692350507597487e-01
-7.888752781247515555e-01
2.944289300983520707e+00
-4.749159303154710798e-01
3.644665619737692541e-01
1.162029737344154157e+00
-5.336933926057404465e-01
1.561417065534469462e+00
5.006434706461589945e-01
2.648588707269819431e-01
-4.099686270836683799e-01
-2.002859399954858510e+00
-7.426721241600164891e-01
-1.687775112469863226e+00
1.466119966964235299e+00
7.673858433915369259e-01
-4.397419491514916179e-01
-4.549591138835801796e-01
7.974429260860836921e-01
-2.115692705547000507e+00
-3.250606294914044625e-01
-3.329974370127212757e-01
1.490844036791314720e+00
-3.295720733847225525e-01
-4.841464143702664535e-01
-1.618642335491181861e+00
-2.551031950101684487e+00
-1.947721522886846302e+00
-9.418472301146942893e-01
-2.219501849374978075e+00
-6.306501901829060230e-01
5.167583683181617427e-02
8.999179425097785234e-01
-4.706992887140707960e-01
-4.703491845731805898e-01
-1.892499083380178915e+00
-5.149434158339210033e-01
1.633531054550347639e+00
-8.978796007888139030e-01
8.632920855725275677e-01
-1.974192296637701238e-01
8.571853745792868962e-01
2.903125620747352698e-01
-1.687216141565268002e+00
8.503757526311285231e-01
1.817885022064967826e+00
5.401412695232248734e-02
5.709479305804147087e-01
-8.512201003818871126e-01
-8.701936139836008444e-01
2.904626707824901066e-01
-1.764345083359922794e-01
4.141586509526650195e-01
-1.020998290378014817e+00
-3.827314706085605533e-01
-1.860825652591386603e-01
-7.449141778161431082e-01
9.666918963430234379e-01
3.587066398383646076e-02
-2.100121880154953158e-01
-2.488592038520606176e-01
-8.700311293075130292e-01
1.269135707021209036e+00
-4.760943108286920245e-01
1.848665523586941584e+00
-1.364577866230369807e+00
-6.408305842643063910e-02
1.813889601387338235e+00
8.006257330502987157e-01
-4.505587844194406943e-01
-3.989690050380117481e-01
6.217897892588309938e-01
-6.535275696731345230e-01
-3.849029465349185219e-01
1.125564935040632930e+00
-2.671783213302842963e-01
-8.153557321056633667e-01
1.072430122986224976e+00
9.383992366378850203e-02
2.709912990271694522e-01
1.265257409815826739e-01
5.034732885448309769e-01
-1.465020214098224027e+00
2.780966094472984151e-01
4.983334361872569784e-02
6.728202937844430798e-01
-3.219811905937181029e-01
-1.278690066074564535e-01
1.499515173411361202e+00
-1.024976543859305478e+00
5.330686365357816259e-01
-2.351262528531884666e+00
3.600516083024378200e-01
-3.605585106768197101e-01
4.615211108866142803e-02
3.562783041678903029e-01
-1.537779454041030003e-01
-5.124853349486150345e-01
2.769604563952255405e-01
7.259026489700430851e-01
-2.524704738359405676e-01
-8.234333297967550980e-01
1.160933735366749042e+00
-1.843360292997719696e-01
4.593757834502807391e-01
-1.130638693906916153e-01
9.336525015994003862e-01
-1.892813821625921322e-01
1.119807347270696252e-01
3.845585884631212981e-01
-8.042294693434152986e-02
-2.895519181085436378e-01
2.302779410178345809e-01
2.971800783233552457e-02
7.995375604726133734e-01
-7.974301804805186134e-01
-1.363565349148315037e-02
-3.958022573593489857e-01
-2.581494486578791991e-01
-5.581580862032747836e-02
9.057051042637949134e-01
-4.470326724945210550e-01
-6.849394204921274709e-02
-6.737823823823914093e-01
2.390682562230109498e-01
-4.862290317629407443e-01
-1.986487837431959447e-01
-1.131885782078342340e+00
6.564040514538337368e-01
-8.658042297835832901e-02
-1.783601686090169613e-01
-7.417628469694945714e-01
-1.603233500086638674e+00
1.039218667501015797e-01
2.331983295068764950e-01
1.468276815715495454e-01
-3.857124025488400249e-02
-8.332245076116030491e-01
-5.966957204887112232e-01
-1.999608579499479732e-01
4.964408045329428698e-01
-3.337550674580022636e-02
4.745982989040434807e-01
-3.944941318949057862e-01
9.220126898562793771e-01
-8.656854844806397553e-01
-3.616745371404557208e-01
5.161414299870353828e-01
-3.324207150029043212e-01
9.719924991107170564e-02
1.424511928753958989e-01
1.450407752218713653e-01
4.549426953252999617e-01
6.797742546128967556e-01
-1.240824805528054631e-01
3.960364822815137242e-01
1.032943047474627729e+00
-8.076292387825002583e-01
1.511915118615454467e-01
-4.292132668910127458e-01
-1.494111894854418088e+00
6.089184520701196313e-01
7.690272063636002242e-01
8.734643615293996577e-01
-1.243626129747394948e+00
-3.012458264916585970e-01
-7.386273296112675357e-01
-8.698116678304064209e-01
1.376318281295862977e-01
-2.958322214219145097e-01
1.013635898860717921e+00
-1.268224125649036471e-01
-8.575372547195876383e-01
5.419051177140302676e-03
-4.588521255016044659e-02
-3.372196315030780156e-02
-6.515649363339609534e-01
3.624801826314667103e-02
-9.840689858000599699e-01
5.446131765307554023e-02
-3.465016257156299240e-01
-5.130051123454872908e-01
5.032514033412803511e-02
-8.802261648568514285e-02
