1.715661573410538265e+00
-1.030870660129159067e+00
-2.712085218590041258e+00
-1.194852924797269456e+00
2.237169755653900804e-01
1.533026977757889764e-01
1.623844831299002811e+00
9.781803751769856392e-01
-5.302340320099876436e-01
-4.019981997967659204e+00
-1.307575060013931756e+00
-3.358055737581350231e-01
6.907293797414816305e-01
-1.741316274285052312e+00
-5.299741520367969860e-01
4.110614723003314097e-01
3.530993937284905737e+00
-2.738561144806118119e-01
-1.931020170219625687e+00
8.280045475671958810e-01
1.448673488786376140e+00
2.597242174585947971e+00
4.519548700210616055e-01
-1.338660805721582747e+00
2.945317586311503089e+00
1.023483856125240843e+00
2.306430035019542579e+00
7.535973778766904552e-01
-4.428977813504323402e-01
-5.806316098405326365e-01
-1.022761990235021567e+00
-5.771014979109616999e-02
1.903799776518770193e+00
6.965901561236080841e-01
-2.290412706952216215e+00
-1.207178821677783231e+00
-7.872152590349368317e-01
-1.338007530132319378e-01
1.226329441735733300e-01
1.931291509037178278e+00
4.247546522669075064e-01
-2.430959710377738059e+00
9.827139876749803049e-01
-2.582300937345747838e-01
1.475957897764126114e+00
3.601116877785027759e-01
2.504267358135414678e+00
-6.736277311899907527e-01
-3.027353872347227082e-01
-8.650467871407079290e-01
6.186915661527687682e-01
-2.639539548784337164e+00
9.264186347860493553e-01
1.002951422393218328e+00
1.630868175830043898e-01
-5.296032774584382707e-01
-1.305885182775184505e+00
1.133646803172195350e+00
-9.623944924014943281e-01
7.739078695634422633e-01
5.775923047835961333e-01
1.279301170553766243e+00
2.897837130670071759e-01
-2.918934544112152807e-01
-1.006556398692960291e-01
2.085446108989777780e+00
-6.109978290832924763e-01
9.596065751496664076e-01
-3.081972426443726931e+00
-3.056201061967422028e+00
1.239960977356994842e+00
-1.528589180433846673e-01
-9.682730022812151560e-01
-2.599798728239428147e+00
-2.856092201486554738e-01
-3.070637922567214684e+00
-1.642246573807496945e+00
6.362444079287459253e-01
-9.215902902839066824e-02
-1.118490796418602606e+00
7.115484023414591075e-01
4.161824619260517388e-01
-4.381473478663571730e-01
5.107118362779667908e-01
-1.384921401006397601e-01
-5.240196967160025698e-01
6.271198542253311192e-01
-2.021919776001551927e+00
-1.404040451723107541e+00
-3.096966784307474962e-01
-2.916076871480318689e-01
-3.952778275545681730e+00
6.349794043722395420e-01
-2.313692579497212520e+00
-2.327586846795370867e-01
-1.966694353616487700e-01
7.384130936710739945e-01
3.688964580223656475e-01
-3.841377733474253375e+00
2.979175120421387324e-01
5.209409241749589636e-01
-1.604298145319224878e+00
-1.276591156160192808e+00
-8.940142881985606582e-01
4.899781507495891697e-01
8.218914405207920770e-02
-2.426620267050915380e+00
2.207376730513531671e-01
-3.055358527956455461e+00
-8.397965222035510546e-01
-5.937770679512768268e-01
-1.256996421924133078e-01
-5.792643367129897136e-01
2.615654844575673321e-01
5.056353523939298711e-01
-5.008138690574684970e-01
2.092498939255826862e+00
-1.188550258005983462e+00
-8.566036682173899797e-02
-1.257700739518660127e-01
-1.717063512581610718e+00
-1.551346968324871289e+00
-5.971977443733290647e-01
4.794683747829507348e-01
-3.431123919276697354e-01
-7.110008048269734759e-01
1.250802179506878831e-01
1.006207778568112055e+00
