1.538990933002008843e+00
-1.591799372205567442e+00
-2.019421968032304893e+00
-1.697684962594663727e+00
-2.655808945847009106e-01
-1.372669313880380493e+00
-5.851031661867009959e-01
7.921449505934292645e-01
8.777339076350261504e-02
2.684675475401656630e+00
-3.167364923584500835e-01
1.075927663116313493e+00
3.713784158097522270e-01
-1.271565470132150377e+00
-1.015110523114696628e+00
-6.377994966129497678e-01
-2.916617181721606222e+00
-1.266932565519928722e-01
1.340255001378470590e-01
-1.692006048849588884e-01
-9.945098648952722664e-01
-9.140825737866349332e-01
8.113827910054352555e-02
-2.786301064784568182e-01
-2.370630167834865409e-01
3.232725021309726943e-01
-1.585820901648158365e+00
-1.767619650206936788e+00
2.983858365363190601e-01
-4.517788851091604219e-01
3.379714789358150284e-01
2.919644868618327394e-01
5.611581966807053234e-01
-2.755013438230435319e-01
9.465127482210852206e-01
-1.520152059260035271e+00
1.803427277369357373e+00
-9.483255128633205633e-01
7.177612391476442255e-01
-8.736463366001786038e-03
2.442221136570932594e-01
8.024363737767525873e-02
4.120632045742702587e-01
-1.266522254455993979e+00
-1.251323835008333551e+00
-7.963347195059663486e-01
-8.310335045281774802e-02
-8.669839396713642510e-02
-2.047120361840812031e+00
4.963291031774966222e-01
1.026208126231078044e+00
2.983767029623329292e-01
2.575258605793563915e-01
-3.033620445321987269e-01
-1.107503007910610293e+00
1.093659042203211751e+00
-2.126397753229911924e-01
-9.395165818184052497e-01
3.812329831885957754e-01
-1.540676685822412739e-01
-2.353051514421096724e-01
-1.054653036194704158e-01
-9.185019798893140353e-01
-8.771484226542538565e-01
-2.309718419966903191e+00
-1.038297415567489557e+00
-1.850229948549903192e+00
-1.003602539833577056e+00
-1.872801639142060104e+00
-1.102640832182221198e+00
-9.051355851301207123e-01
2.774638104043460896e-01
-1.677947947000733686e+00
4.321706792740472314e-01
1.688852073099881057e+00
-8.782364904070757428e-01
9.676892813021407969e-02
-2.425969792998104335e+00
1.308115113385886374e+00
3.658885487651282187e-01
-5.505275347437752487e-01
-1.841073221105599123e-01
1.820904127231876890e+00
1.246009638935573038e+00
1.308320192446329244e+00
-8.512243662829047652e-01
1.449390768511663596e-01
1.101011780627548342e+00
-3.901987618420694748e+00
4.264717298908220489e-01
2.562391707464921065e-01
-3.097942839083217548e-01
3.178134612104322465e-01
-5.152814719402346588e-01
-1.119434829912197005e+00
-6.521213199472045696e-01
7.687465319199205949e-01
2.625532442416680934e-01
-9.690894326337128328e-01
-8.496583405565437397e-02
-5.586300818249445577e-01
6.805308298393254463e-01
-2.586291716119024087e-01
-1.565960576778676838e+00
-1.469902336106380769e+00
-7.057863047217763919e-01
-1.317980060017581945e+00
-2.409351187259335170e+00
-3.619129270941122467e+00
-6.197351523981005084e-01
8.892741176222426214e-01
-2.206140533256243375e-01
1.245350659563269957e+00
5.372588413354607156e-02
-7.155569708930116235e-01
3.630548432414337778e-01
-2.380812185758131860e-01
-2.171030214300787353e+00
7.084355582312901189e-01
-7.432414831645006714e-01
6.749901341958297607e-02
-7.045707526902103002e-01
6.311074867182112635e-01
-4.067759909435852417e-01
-1.016922866725721297e+00
4.935863724916756401e-01
1.537962879640489000e-01
1.946164185563821480e-01
1.919048992679032173e+00
-3.275281579103854313e+00
-5.273089593737404490e-01
3.346102475371127150e-01
8.537480971272379260e-02
-5.935660553122256156e-01
-9.233029909424430581e-01
2.838534944056954612e-01
3.710771450799587035e-01
-2.865742185093404504e-01
-1.188838917432891940e+00
-2.748089419255909105e-01
-1.083662651809120359e+00
-1.772696159210339184e+00
5.498304443457284751e-01
3.060868454362127289e-01
-1.646863850435111409e+00
-1.361536048282286637e-01
6.858169155624898039e-01
1.584559677417722634e+00
4.615653175545609277e-01
-7.043561763037868850e-01
4.327230780566347357e-01
9.537444233220220280e-01
2.860455114716313751e-01
-2.601932497670051081e+00
-1.121146976351826252e+00
-2.079315986403610150e+00
-3.396445570945669790e-01
-2.525907797041948566e-01
1.112034689825021960e+00
-3.773438897421126925e-01
-1.298588661292504831e+00
-1.436969373230023495e+00
-1.550193688651631652e+00
-1.476109749799774828e+00
-1.296738224050665855e-01
-9.129507688762869000e-01
-1.049940445403984901e+00
1.301055753978504370e+00
8.783290327724319058e-02
-2.013694445201113847e+00
1.724466984024413341e+00
1.898299803085054804e-01
-9.716928774092655763e-01
-9.275755146787110217e-01
-1.138667459655065439e+00
-1.672812927204918865e-01
-2.847063489090240762e-01
9.449925693100970081e-01
-9.276231474108284081e-01
-2.804150195118847999e-01
-5.415523020940333776e-01
-1.721434786326422883e-01
-3.706875794962803394e-01
3.283119286177093882e-03
-1.069316394046496699e+00
1.250316729921642223e-01
-1.528289022813921483e-01
-1.575139574006732268e-01
-9.602207276968507399e-01
-2.911125378160392962e-01
3.061367501008281922e-01
-6.012664873240651797e-01
1.288460871845073186e+00
-1.508638470575121016e-01
1.127412252370802781e+00
1.705469666224191938e+00
-4.304239555522883509e-01
4.727300382044807847e-01
7.419124886496966109e-01
-8.093222542816433940e-01
-3.645079608302260743e-01
1.732945267473250395e+00
-2.367228622336941424e+00
5.639718874849845021e-01
-2.641288140144856911e+00
-1.313997105808358545e-01
-3.362827155916966460e-01
-1.133019235416834747e-01
-1.806228213533271676e+00
3.167290739702693925e-01
-2.445711611287670451e+00
-3.332440409494507039e-01
-2.363576120463632080e+00
6.219874129634838100e-01
1.194552148586280005e+00
5.196548050457489021e-01
-5.802100512577251790e-01
1.055950797922208473e+00
-4.520907691513468274e-01
2.518852736466470343e-01
-1.960362028026540138e+00
1.522331620505223082e+00
-1.288114041462411208e-01
1.612954871429866655e-01
-3.146034073796544206e-01
-1.016459215649293757e+00
1.171246412228242662e+00
-1.420530213310580159e+00
1.339162925204721022e+00
-1.566739482438714637e+00
-4.044449989395060840e-01
-1.132346996108750448e+00
-9.439347980689947182e-01
-1.100004670334168599e+00
-1.901570495462430177e-01
-2.132745924333127707e+00
-3.508304172311256686e+00
-2.013778588926067314e-01
-2.678051607671377288e-01
-2.736623112397421412e-02
-1.551975142776959304e-01
2.428986597321461938e-01
-7.420533145639633954e-01
6.970290322205791034e-02
2.317395653379868414e-01
1.978280792801667909e+00
-5.838919758672558302e-01
2.023776790047217833e-01
4.334705945137948269e-01
-1.382392215193447849e-01
-9.416980180827470015e-01
-3.671575849410557355e-03
1.180529963087095124e+00
3.918197345811861854e-01
-3.369658515256416381e-02
-7.154779369335634298e-01
1.642940092822232079e-01
-3.689534208105149649e+00
-1.744503877209380160e+00
-1.572794524580077402e+00
2.625545381508817000e-01
3.856194592550615807e-01
3.028769109457049025e-01
-1.126727984953991984e-01
-1.294476268471962399e+00
-1.736131585715735282e-01
-2.410209182237930126e+00
-1.157207001964148718e+00
-1.240434027146639417e+00
-7.762854231921658688e-01
-9.215932272345479515e-01
9.084367566873945143e-02
-2.950007997595561093e+00
-2.764662279188524474e-01
-9.586379729737196098e-02
9.877319951157031985e-01
-1.755969851636492995e-01
1.201277895320621847e-01
-1.642935939239265508e+00
-5.109136339109764113e-02
-6.349759901133064099e-01
-8.362827048090040183e-01
6.648168237845833994e-01
-1.479507813854947562e+00
1.673377577578608832e+00
1.606746440372741169e+00
7.101396363620893215e-01
-5.289222870416896427e-01
-1.380641764340027500e+00
-1.004496697280453210e+00
-8.584974874596416894e-02
-1.521487123034303446e+00
1.616235877213952010e+00
-1.259033241655798552e+00
2.104930155687628063e-02
-5.932318869800323052e-02
-1.064857730140357894e+00
-1.327093710447908581e+00
1.793038734673814139e+00
-1.284802127099023972e+00
4.175817491125486704e-03
3.542252363886722599e-01
1.177856699328710122e-01
-7.935164887346434215e-01
1.141752760527773969e+00
-2.312742279944957347e-01
1.112928221258647987e+00
-1.910484742426269866e+00
5.867284982307511276e-01
5.075463104449952079e-01
-6.524675524408740657e-01
-8.043153738088849869e-02
3.406817530600534383e-01
2.363532200264606697e-01
-3.570137199437509179e-01
7.879718935476418551e-01
-2.361388359521588987e-01
1.961239036016770854e-01
-1.541738698010534925e-01
-8.215297593209009985e-01
-1.140565395511449198e+00
-4.859696866428907525e-01
-2.797670416509225433e+00
1.252983639512671443e+00
-2.107213279325709232e-01
-1.001852149212019372e+00
1.430650879217555183e+00
-1.078431404762338897e-01
-1.186725571311256111e+00
6.006414256894530013e-01
-8.720903287362726797e-01
2.087046367868007568e+00
2.736022425693114823e-01
-1.481289749276993639e+00
3.357691428588540639e-01
-1.231858337451753993e+00
-4.496851529556671889e-01
-1.251914216074716535e+00
-2.654768290286599441e+00
3.550498392185821306e-01
-1.065486671415750042e+00
-6.677084338720993273e-01
4.742141822396967465e-01
-9.511676926799589316e-01
-7.492857900063055743e-01
9.669771597469604130e-01
-1.845453653671921268e+00
1.319021835081546801e+00
-1.920747626319826151e-01
2.348697893339235510e-01
-8.716091346446492860e-01
1.079278586149806513e-01
-9.419953116098130907e-01
-1.029696412793010607e+00
-2.997155327244755529e+00
-1.234764449311886336e+00
-9.022444841531076509e-01
-2.887213935229917539e-01
-1.595919231676499628e+00
-3.620378281961900702e-01
9.803627005943955919e-02
4.509156813635173955e-01
-2.137720881382752847e+00
-1.376132152144297349e-01
-3.275886904233044628e-01
5.564662463385741109e-01
-3.264781260604786295e-02
7.893604816274575331e-01
2.156837078562332533e-01
-1.852806465973471983e+00
-2.232331288876385489e-01
2.064889689386160965e-01
5.759484543126253131e-01
5.257344620412383873e-02
5.943585633395562923e-02
7.462441172804699929e-02
-2.036323832218061014e+00
5.045631538372634672e-01
-1.363607776349321232e-01
8.147133442067845399e-01
3.650031594588020178e-01
9.253512995364300275e-01
3.613727470511354234e-01
9.723566825519437684e-02
-1.308004620019181719e+00
-3.922467414792533275e-02
-1.103986088624676620e+00
1.416524559672444949e+00
-3.287027842733552530e-01
9.953465424491607372e-02
-5.713293686402778349e-01
-1.178201234797845443e-01
-2.094613372180340882e-01
-3.543741496726687812e-01
1.412448444633057854e+00
-1.712557461452868801e-01
-5.643826961709129397e-02
-1.614207285299932959e+00
-4.532021447549625659e-01
3.941227625609941554e-01
5.638127626845610418e-01
2.153391064259982279e+00
-4.228323287596399416e-01
-3.128585636100851275e-01
-3.301051571842640864e-01
-8.378126415954506578e-01
-1.405736903052981768e-01
-1.011637937086040107e-01
6.207786280523128752e-01
-7.560749725543878252e-01
-1.485487730372191117e-01
2.000493834027543272e-01
-9.015707499884737519e-01
1.652276077990295078e-01
-1.362932577989167893e+00
-5.214327862726928497e-01
-5.085362966489940240e-01
-7.438336833523454539e-01
1.070760691794542030e+00
-1.253097214220265876e+00
1.423826415278753421e+00
-9.589048348177223735e-01
6.153872396418283985e-01
3.707414267242815642e-01
4.355675077399234207e-01
-1.126568749071665473e-03
-2.296369560824260692e-01
-8.737945710048615755e-01
1.058512349418264442e+00
3.892151047838391942e-01
3.187925578653746372e-01
5.629659966029141455e-02
5.241122317987862989e-01
1.312256360815955980e-01
-1.140682510552438966e+00
-8.903229232079371558e-01
-2.760124404254716279e-01
6.826786249151391983e-01
-3.280571067847164179e-02
1.397165415413527956e-01
6.130320043572081573e-03
-7.448252815024040130e-01
5.178039897943989001e-01
4.626441895616985045e-01
-3.099687677467829472e-01
-2.293388948391045512e-01
9.167500912953630010e-02
-5.410701298048523761e-02
-3.995300657751110762e-01
4.776042576133319728e-01
1.002436926024370123e-01
-7.546153277029410411e-01
-5.665296559934019927e-01
2.808905453017142631e-02
-1.353458286058268900e-01
-7.484471685056461876e-01
7.167446097860493692e-01
-6.966579576098320681e-01
1.601551060081652100e-01
-5.071395818078338058e-01
-1.096077039207978832e-01
4.007279112356604833e-01
-1.589532165029193811e-01
-5.559060027111780711e-01
-5.951131325506956449e-01
-5.401214792861724900e-01
-1.533690943251968530e+00
9.293055282834216113e-01
6.110185224968705392e-02
-1.247925130789225623e+00
1.263567945347308374e-01
-2.601770422609632205e-01
4.691806374266274116e-01
4.207043307054307291e-01
2.024448165126677690e-01
3.806957916563734612e-01
-6.492836572161604369e-01
-1.667301009150265467e-01
9.314347469707546789e-01
-1.223501532563703309e+00
8.026609735532852508e-01
6.893071541910101852e-01
-2.445468002717577360e-01
1.421989200359322636e-01
-1.122181451938997904e-01
2.508044974317718556e-01
-4.954671382822597309e-02
4.486181710472323947e-01
3.041211760357727112e-01
-5.633200869716480375e-01
5.959487437659970466e-01
-1.251558138941829323e+00
9.659349639775105523e-01
-1.566552471281045245e+00
-5.070554912810546488e-01
-1.852541338558479911e-01
2.834642878498632931e-02
3.038889950964250852e-01
-6.092554522343650997e-02
-4.941634133864201139e-01
1.632819482782305598e-01
7.409154023667284816e-01
1.382545697870003476e-01
-3.166170726573409172e-02
1.083919876479380595e-01
-4.019757964864840993e-02
-1.206953510646844530e+00
-7.984352130629123190e-01
-6.515745437995957845e-01
5.095373804736101908e-01
8.773764505024538030e-02
-7.030338787936167566e-02
