-3.159512877797444053e-01
-1.030666308089130734e+00
6.789595349467610896e-01
-2.689790269629496411e+00
2.575505495729031313e+00
-3.474291474517764211e+00
4.070636969813648531e-01
-5.665427024807435652e-01
-1.541324840554253672e+00
-3.748476381585597039e-01
-3.223569486199501899e+00
-2.407105349635082714e+00
-6.747597873332057405e-01
9.862875623938623937e-01
-2.984363858615403653e-01
-6.880528877797247311e-01
-4.726444879776303232e+00
-1.591316300206453649e+00
1.492000745352817681e+00
-2.772032213541341661e-01
-8.686043868615537233e-01
-1.373509782406190372e+00
-1.412738400227838920e+00
2.921379195922085281e-01
-5.557292914994957540e-03
-1.668646914921380953e+00
-1.161286179619672509e+00
-2.835334825141324622e+00
-1.555375502143932609e+00
1.152676747551898417e+00
1.121698950242260739e+00
-5.771419278353892013e-01
-1.819526684223388591e+00
9.515041078476659253e-01
-1.490041382202344167e+00
1.179068550298635110e+00
3.644135262424836874e-01
-5.159303976281581772e-01
-2.025439030732647971e+00
-1.352368952773806754e+00
-2.709956477159577992e-01
-1.689943690470798510e+00
2.208006204729939803e+00
-1.874409363822370778e-01
-8.642381892862283088e-01
1.050667068057615228e-01
2.829830286559890107e-01
-1.798079777834225013e+00
-5.158370089177326534e-01
-6.824682391576547547e-01
1.014127142328916431e+00
-8.873273870501416360e-02
-1.256350315549954910e+00
1.368583898417983225e+00
-8.697694834815584974e-02
1.881452271818584709e-01
6.909482496048206801e-02
-9.325630366210545530e-01
-8.542109227644731906e-01
-4.330065760436412059e-02
-1.829786099622081608e+00
-1.144960484856098804e+00
1.350303997769129460e-01
1.093491182022382047e+00
1.128836346468290314e-01
5.361569322812642646e-02
2.265722878674091945e+00
-6.927662100037262904e-01
2.530175654616348524e+00
1.179482460054772419e+00
-1.740444616990648230e+00
1.008220889994054792e+00
5.724338964908834981e-01
-7.390872394083507491e-01
4.677382706894068209e-01
2.401167450241844303e+00
2.055473902382089157e+00
1.488680238621241658e+00
9.401031865542098798e-01
-1.206979851110602464e+00
1.204174763202916498e+00
-2.446885406073244340e+00
-1.189930991381631387e+00
-6.541226148305414601e-01
-3.919129718080563429e-01
3.525698700946462427e-01
-2.426536341433954025e+00
2.068854802750679789e-01
-6.935253540069062916e-01
-2.849962901579757624e+00
-2.005649920830517186e+00
-1.339970463073066220e+00
-1.069258398898130569e+00
-5.130986243986587203e-01
9.452050005306800173e-01
1.605188418121028526e+00
6.730933342915089712e-01
-1.268046699650480669e+00
1.915776666688026042e+00
-1.796903668375397833e+00
1.776551804290894099e+00
1.098934003246186258e-01
-4.575425299930413470e-02
4.973609167555846922e-01
3.635463095168939507e+00
-2.364608805815878956e+00
3.184096357112635167e-01
-1.481098740428948179e+00
-1.824788726456542387e-01
-1.238220492516226706e-01
-7.334283790494156019e-01
-9.673690277730273568e-01
-1.313913630130373544e+00
-5.628806522809094437e-01
1.498628053084737566e+00
1.648974739254660760e+00
7.157344131591895087e-01
-1.720879145871708760e+00
2.432756194349527945e-01
5.867092197205413528e-01
7.273742179114830453e-01
1.916993164523199455e+00
7.414230048514920401e-01
-1.002307508402911607e+00
-5.444730895975440355e-01
-1.217760856690779159e+00
-3.666562125289369312e-01
-1.183487912471083703e-01
