4.689133789592410673e-01
-1.648846605596428150e+00
-8.130640296365670983e-01
-3.475446941272551937e-01
9.305016790553972961e-02
-1.601651919212697672e-01
-1.632433649789059249e+00
-3.658711323575077889e-01
-1.678916604260773493e+00
-1.082079666524175199e+00
-4.570138757290981291e-01
-8.057206202674991324e-01
2.527042878388387481e-01
-2.128916123311548780e+00
4.468574409122330095e-03
-2.381544500184409330e+00
-2.389871253416905872e-01
2.135122030569557072e+00
1.028013565412566194e-01
4.625502376975575980e-01
-2.696112672875671024e+00
-1.444581518811647314e+00
-1.068213444129967327e+00
-8.875013610521970131e-01
-8.219735194268796841e-01
9.084843314483724563e-02
5.546002242855377906e-01
