-2.011763761839557296e-01
-1.108368592177138456e+00
7.980403507370428251e-01
-2.953050313221840195e+00
3.033512486193902014e+00
-3.698837378702158230e+00
3.035691011215693735e-01
-9.381474582648503535e-01
7.290827458099659042e-01
-1.722955919935592828e+00
-4.856967453808074819e-01
-3.091803879944633238e+00
-2.106984816045483822e+00
-5.211657313568476280e-01
1.185464310465550009e+00
-3.069810572841983332e-01
-5.783142730197783354e-01
-6.275077825405623866e-01
-4.814590434854491896e+00
-1.608620760835556496e+00
1.532644220994013873e+00
-3.477824748958047718e-01
-7.412253564708738418e-01
-1.241089494401842019e+00
-1.203433187069283594e+00
4.439114237375456629e-01
-1.124578138599565402e-01
-2.602474059371537654e-02
-1.876946773653922707e+00
-8.998954030989345654e-01
-2.621963917549486212e+00
-1.561387034685286723e+00
1.302924151098569405e+00
1.101755988573110523e+00
-4.896333088660013710e-01
2.649552372560994296e-01
-1.818588747684948714e+00
1.004009013133793093e+00
-1.494478339508320541e+00
1.185571513448080427e+00
4.023364059870132570e-01
-5.040260621352971038e-01
-2.146978763046372585e+00
-1.318837810637441210e+00
-2.410622185434908304e-01
5.488175454526140334e-03
-1.718998601801060788e+00
1.986593156457289622e+00
-2.210520999103197659e-01
-8.038356478547702411e-01
1.588055469500376793e-01
2.655139791979021363e-02
-1.937322385088094068e+00
6.425342031809662124e-01
-4.046581802102325875e-01
-4.938718105666617397e-01
7.247859498486550756e-01
-2.722828187543941403e-01
-1.093186098001744933e+00
1.720633230531705138e+00
-2.533832992941154050e-01
-1.057990809217190659e-01
-6.902469112611943070e-01
1.011891135791770369e-01
-9.587993660866805934e-01
-9.652252013567815814e-01
-4.159731395622043304e-02
-1.837234215714408148e+00
-1.142546692274994502e+00
3.986527757934884564e-01
1.664280519142370851e+00
1.626306945038913376e-01
-2.548283978846770381e-01
3.006088366513675614e-01
1.309309023731177780e-02
-3.013835196304210373e-01
7.637693503917394322e-01
-7.262261804755325567e-01
4.164534125035379009e-01
-1.152068235087268105e-01
-5.576621624366395052e-02
2.069222166677560093e-01
2.630512299205580717e-01
2.152914329841242314e+00
-1.007044855050734933e+00
2.489070094133924993e+00
1.245233784271450483e+00
-1.758209382458200798e+00
7.646290832395663539e-01
1.269826606606549113e+00
7.269430654874728948e-01
-8.670249941436655172e-01
3.032031074210091437e-01
2.417935839023451550e+00
1.803820409649955714e+00
1.419301823181944311e+00
9.031530650760896117e-01
-1.252274830416338025e+00
1.596541954927364060e-01
9.736519268082529655e-01
-2.318319442613864023e+00
-1.230297588186439084e+00
-3.857158946877611294e-01
-3.254803979343920406e-01
3.787178096203891453e-01
-1.971547309524274372e+00
2.110342674863447676e-01
-3.034995144780976428e-01
-5.846048641833538895e-01
-3.004518652553306968e+00
-1.873016886281245519e+00
-1.250934406484768280e+00
-1.099683987400963181e+00
-6.226714710305157885e-01
3.839679598279687744e-01
1.568600030393596967e+00
7.030822295992062987e-01
7.728890067271502184e-01
-1.222363967850977895e+00
1.921692496134240091e+00
-2.110848918365339610e+00
1.789243298237196411e+00
-5.149971942043504725e-02
-1.253459254078045648e-01
6.439796175674949996e-02
-2.249613614548406471e+00
3.792273021297152713e+00
-2.347147151053345038e+00
4.117982849137989398e-01
-1.425678749256670264e+00
-1.435558194258603204e-01
-3.177292042243292647e-01
-6.274577140080900284e-01
-1.122882640085718808e+00
-1.295726820502877963e-01
-1.295433028911664897e+00
-2.532123006654395381e-01
1.469955887887354873e+00
1.045207892486096801e+00
8.305847808109635411e-01
-1.694601425611120815e+00
4.358314504357424513e-01
5.378508440707363558e-01
-1.320177329591335491e+00
5.755458899708940645e-01
1.788279370308784699e+00
7.720756952930091233e-01
-9.367920316575280015e-01
-3.482410922360457683e-01
-1.198728853619560164e+00
-2.584744260043307928e-01
2.087457794442070524e-01
1.399932474528035042e-01
7.268658078941739875e-01
-2.338673690215925804e-01
-1.011511996219312648e+00
-3.024657207028395856e-02
1.133877600808676389e+00
-2.148232518897119636e+00
1.406765423435815787e+00
2.786576171372780464e-01
-5.343211097469985349e-01
