1.696569283059142119e+00
-1.083613458653720274e+00
-2.698204196464430105e+00
-9.924701701943505761e-01
1.150232484846324121e-01
-4.618534306775846920e-02
1.445589890057090932e+00
6.557794898777614678e-01
-2.044623571421002595e+00
-3.668245685005029899e-01
-4.165156164263426497e+00
-1.482117497328134359e+00
-3.006673371159275868e-02
6.744967284112054484e-01
-1.967946771295955521e+00
-1.660215687269190055e-01
5.778210253649048722e-01
2.070063009475488769e-01
3.408038057113617292e+00
-3.914170050972808346e-01
-2.350955572985523823e+00
8.972737684028444516e-01
1.670601118352463610e+00
2.644499331954816679e+00
7.827515098928017334e-01
-1.564853722704511174e+00
-4.012570990354922262e-01
2.997747614146013539e+00
1.203632184442226416e+00
2.371632040194659119e+00
4.142762203945647981e-01
-6.478827953099117742e-01
-5.270358454809972448e-01
-7.635199729803048285e-01
-3.602780939158236051e-01
-1.548935192923454329e-01
1.867506623068472482e+00
8.791473908034808105e-01
-2.348246865607007461e+00
-1.263083867107101188e+00
-8.726973852866408699e-01
-2.565424703511120508e-01
2.479203137568065096e-01
2.041017183578694105e+00
1.669960160476049005e+00
4.229020119996970140e-01
-2.704811868872512015e+00
1.068466274506772118e+00
-1.836806544033590255e-02
1.486571172451102818e+00
2.774024930566790781e-01
2.157059856072904847e+00
-7.513459000792280795e-01
6.993288444723375630e-01
-4.119074837468383321e-01
-1.098098210588660306e+00
4.251995609947723520e-01
-1.945253057985453671e+00
9.802719310371298400e-01
7.547621140256526306e-01
-2.574614669466167016e-01
-3.460450325909853464e-01
1.619428491581101470e+00
-1.346238527538130558e+00
1.192746603624094126e+00
-8.105605051819276818e-01
7.367451085049272486e-01
9.132532537319502097e-01
1.141068295219904494e+00
2.328217883212051545e-02
-7.345896446891733156e-01
-3.651882522044591073e-01
3.549089597047009464e-02
-9.259504751553045976e-01
6.698998819542314465e-01
-8.771792235172215513e-01
-2.148210610202832438e+00
1.633105848619230915e+00
1.670886118182936864e+00
4.556174224417489094e-01
-1.786986460220446882e-01
-1.575010267410011100e-01
2.237152417074290689e+00
-3.835684212934984405e-01
8.889362867173570271e-01
-3.145839182467615736e+00
-3.036163546882304498e+00
1.223437464261359020e+00
-1.642348409772731443e-02
-1.332850346874993319e-01
-9.064325134798481010e-01
-2.754465705073602333e+00
-8.079469421700158360e-02
-2.920306855707141658e+00
-1.918179859046935665e+00
8.424576058707600179e-01
-6.955452666694346420e-02
-1.025189316172156362e+00
2.517119224451396242e-01
6.767448438349615847e-01
5.270003334755374302e-01
-3.839261301557115869e-01
5.113025368925182557e-01
1.262103897897282334e-01
-6.307502425146636060e-01
8.036677850793852995e-01
-1.962632443033339058e+00
6.411751887697245689e-01
-1.235066867684484704e+00
-4.986205792639184647e-02
-3.059384353052736483e-01
-3.973216723863410849e+00
5.013643121705668726e-01
-2.209445509198544766e+00
-1.591486981042045806e-02
5.876883090034430018e-02
-9.016665026702024299e-01
9.087190750157985164e-01
4.230606817072973258e-01
-4.059376516141026237e+00
2.150778839709037715e-01
7.843874899294800418e-01
-1.694866437938461257e+00
-1.328048319837022984e+00
-1.018760137135168442e+00
4.254624535205140945e-01
6.383262288253959138e-01
2.198012463624668400e-01
-2.391926376283460609e+00
2.700146727817308578e-01
-2.967792846629516479e+00
-1.049012335916512884e+00
-5.170310085395765087e-01
1.334555234797208181e-02
1.477037134739348466e-02
-6.039815274411156620e-01
5.130455397517484917e-01
3.290473648910235971e-01
-5.907800247807667438e-01
2.086754186215526996e+00
-1.083864935004611008e+00
-3.100072262810912305e-01
-3.961146942539943150e-01
1.317205714829562391e-01
-1.605478929607188965e+00
-1.735012165054970579e+00
-5.309453922096408762e-01
5.133682670661772196e-01
-2.709523496128646847e-01
-8.254107547962363789e-01
4.245651832843688051e-02
1.408767608869877508e+00
3.310087416027931995e-02
-4.580420066502840504e-01
-4.631739970114088778e-01
3.657288965744908138e-01
2.519747123649182519e-01
2.545878784908910952e-01
-1.403361478690071384e-01
2.860871958699013895e-01
2.035573049976598103e-01
-1.723515418167934077e-01
