1.370416322671495379e+00
-1.760039270419735180e+00
-2.147639716888571471e+00
-1.774457841602663510e+00
-9.618640253066698675e-02
-1.653284231233786539e+00
-5.217775272883239390e-01
8.802902239804245577e-01
-5.699438415375224221e-01
-8.361873386004177108e-03
2.631397566622259543e+00
-3.817427333290811520e-01
1.206130618557778700e+00
1.605289857554945132e-01
-1.279690078261983555e+00
-6.462113064282198893e-01
-6.035787861656773945e-01
1.089687579739010564e-01
-2.652913282642003878e+00
1.198581009926462729e-02
1.324459591441335404e-01
-3.480128925281796293e-01
-1.206054852238337860e+00
-8.503385841130998157e-01
-3.561397232000218516e-01
-3.772264006905173273e-01
1.007911581417471059e+00
-2.827888956823167432e-01
4.150831844312821706e-01
-1.633867918673042041e+00
-1.876215307448176661e+00
1.133852275365627715e-01
-5.536102992140504719e-01
3.648365684450448065e-01
2.680170598968724116e-01
2.246181613301768409e-01
5.262317748121486671e-01
-3.143755800048871341e-01
5.340499647756288271e-01
-1.381972867067929434e+00
1.825976780620003570e+00
-1.087091627108517589e+00
8.359615375981802599e-01
-1.228707537952944406e-01
-7.674999851875690116e-01
-6.769153270277442069e-02
2.043090629732515207e-01
6.058922108281878521e-02
-1.022674113263724260e+00
-1.521380310524690138e+00
-9.811904911017224062e-01
-2.501770665322690657e-01
-2.128854229655812169e-01
-8.586841540977534493e-01
-1.517568929819737900e+00
6.933559778585295374e-01
6.546810457966407704e-01
7.292320925696162970e-01
-8.416539311012079597e-03
4.181641959540667586e-02
-1.284160916821577514e+00
5.465039019960366007e-01
-2.960583826322952250e-01
-4.060248323766486589e-01
-1.057161086726814192e+00
4.506480772372712384e-01
-2.517517251267665235e-01
-1.768200884840057940e-01
9.967013069526532709e-02
-7.619534175024864631e-01
-9.421485165909727622e-01
2.891488830393812437e-01
-1.119275405252365241e+00
8.465230430968611053e-01
-3.151318738430584077e-01
8.787078058683340798e-01
-3.969920936333994899e-01
1.056552160252271014e-02
-2.419973112382995395e-01
1.136615628881679912e-01
-8.161646992756190766e-01
-2.414049444039349179e+00
-1.015640440583730486e+00
-1.915081834690488316e+00
-1.192484234006517152e+00
-2.249548984028715726e+00
-1.131723625901074337e+00
-6.361688658928295048e-01
9.228607762098382794e-02
8.126558456161034338e-02
-1.700032860301660786e+00
8.165286770968639418e-01
1.567236330647932441e+00
-8.612287056201441970e-01
2.857957978184514358e-01
-2.419191277238103677e+00
7.166523532179840394e-01
2.984248671574702971e-01
-6.092771076811192427e-02
-5.811128519451195240e-01
-1.076450441159653298e-01
1.792303237964725682e+00
1.190568987251584776e+00
1.250804095037041819e+00
-6.599031677501743243e-01
2.089917077584436678e-01
9.013001538422916736e-01
6.527533612943184349e-02
-3.747912387297104075e+00
2.564212730155749354e-01
3.340148183724170328e-01
-4.203400148911757284e-01
1.098259267769639697e-01
-6.040807777188089700e-01
-4.100056596716467605e-01
-7.325347175113202658e-01
9.671005833447889055e-02
5.212692496691608834e-01
4.662267468272610627e-01
-7.009783343488614760e-01
-3.191721523109194991e-01
-4.308803833562014352e-01
1.020671251340994345e+00
-2.939743114958658921e-01
-1.727874286624062616e+00
3.771395967294162710e-01
-1.469314678379625372e+00
-5.764831034619201100e-01
-1.393256748870150385e+00
-2.690962569418172023e+00
-3.799067204302819523e+00
-1.000270364659103794e+00
7.829753165158371830e-01
-4.759657769655473714e-01
-1.544259527545701616e-01
1.466421244620032649e+00
1.265876618658182684e-01
-9.811777148366619405e-01
5.899046200964084413e-02
-2.330718663252734080e-01
-2.433498317453691495e+00
3.251124796034718933e-01
-6.257328899398783006e-01
5.049726494842409208e-01
2.357304828107620598e-01
-9.087628608192825919e-01
6.131634161574844866e-01
-8.668662224256259430e-01
-1.206514259378033360e+00
5.023205950254501229e-01
2.407656498858949390e-01
5.767497733944043636e-01
4.800753964284522612e-01
3.388111044885008805e-01
8.819118506517719114e-01
1.546196354768918091e-01
-1.364498642660321170e+00
8.687508797679042993e-02
1.448182273555792821e-01
-6.498256064538735499e-01
-2.368283528824934314e-01
5.372042953496890538e-01
2.183643221857909378e+00
-3.263774317916610990e+00
-4.375705305145878854e-01
3.973823872335222607e-01
-4.494400693042775730e-02
-4.083398404704966511e-01
-1.275075858941858931e+00
3.133412562753440933e-01
5.084295272648895470e-01
3.620228201154175318e-01
-4.880499452147071815e-01
-1.614414387312234300e+00
-3.122979939553031659e-01
-9.375256363283919203e-01
-1.950581847578136241e+00
1.012330001331960716e+00
9.768120293729536108e-02
-9.490038355849971241e-01
-1.465564967016480535e+00
-3.082992265249393515e-01
6.206921847079178711e-01
1.614669501527621120e+00
5.599688890830333277e-01
-6.916897866078679513e-01
5.152156017902490559e-01
6.723889775161344673e-01
1.261880944974371477e-01
2.290652429793524625e-01
-2.622265302906346296e+00
-1.037695828322925617e+00
-1.804986812386380146e+00
-3.200614625276568814e-01
-5.547942024080636525e-01
1.013780030873036475e+00
2.595594598588636323e-02
5.922118106306027974e-01
-1.251100124174340911e+00
-1.573379679105763485e+00
-1.836392627287893209e+00
-1.913537741524960589e+00
-3.260012059656460792e-01
-9.308321723804431347e-01
-1.170751119107914739e+00
1.366788079571648939e+00
-1.139582977614416043e-01
1.509989331675137270e-01
-1.937038152374338962e+00
1.647279047007049302e+00
3.944547456282544440e-01
-1.162807424297779502e+00
-7.592194921780219818e-01
-1.269955324012224107e+00
-3.052561830353851535e-01
-4.325087912256038170e-01
-6.652343053429886632e-01
6.124170035001830215e-01
-9.610774994184494435e-01
1.889232698449556380e-01
-2.771420696006371420e-01
-6.252301656535136365e-01
-1.288554705128870659e-01
3.577433667735121503e-01
-8.977747904436926829e-01
-1.296386726510244669e+00
4.523901674058717487e-02
-8.167733722464505519e-02
-5.764280080259810007e-02
-1.009119995896340605e+00
-3.690277079856046361e-01
2.132395225806130168e-02
-7.170514130230043470e-01
1.571223343949738893e-01
9.167509714008323929e-01
-1.124358417129716486e-01
-4.389077149874676120e-02
-9.903544884774047041e-01
-5.770995456512277577e-02
9.739169907046575647e-02
2.456190932167447716e-01
-4.098547365435590284e-01
-4.082973015585018572e-01
1.339535794697046089e+00
-4.548924164086605160e-01
1.203269449641786393e+00
1.901285052167462686e+00
-4.285504558773555739e-01
5.493437948179918928e-01
9.447783810660729253e-01
-9.406980796285276947e-01
-2.831422841788025502e-01
-3.148286160599332861e-01
1.593551293488328247e+00
-2.358406891592347510e+00
1.713493032208802114e-01
-2.575142779876244958e+00
-3.011358075671959900e-01
1.271804931042044839e-01
-2.663114844526309755e-01
4.985275215324618259e-01
-1.646963759650063697e+00
4.504682621786111341e-01
-2.530837126643308288e+00
-5.050331961467412478e-01
-2.424308414908147746e+00
3.546723148628238564e-01
9.206282028323479194e-01
2.444628447502094903e-01
-8.405629821497909160e-03
-9.932698712493115423e-01
1.275676440057483152e+00
-4.029109392824262170e-01
2.757789478096033808e-01
-2.446780306869329014e+00
1.697932866168161192e+00
-4.016522836426122955e-01
2.421189732435107544e-01
-6.844376929809642407e-01
-4.601597138810570864e-01
-1.210272603039864947e+00
1.052666530992423688e+00
-1.248598845669898205e+00
1.240025115618957452e+00
-1.829178880518888661e+00
-5.450060272730238298e-01
-1.331299596260438367e+00
-2.247986331056380793e-01
-1.023081439363042522e+00
-1.125337336215143758e+00
-3.495022326296788884e-01
-2.268688798266544460e+00
-3.524727394834306082e+00
-4.017120445110308052e-02
3.537846381346117230e-02
-1.163338860905425293e-01
3.598766058890045527e-01
-2.091092793152121154e-01
2.430140206657898649e-01
-2.542309933148326762e-01
-2.270262675208216049e-02
6.209003653268733158e-01
2.149843110537538404e+00
-6.384312103473693822e-01
5.025058408210009153e-01
-3.858570066809902110e-01
5.749829894857751977e-01
-4.078691519273770494e-01
-9.369961700968746365e-01
1.400501818138009946e-02
1.214025066835563882e+00
3.473446268951356219e-01
2.306013356755221705e-02
-9.892174011747654205e-01
-5.397748632691706794e-01
3.701676499738603132e-01
-1.344137302814844004e+00
-5.464774591001087672e-02
2.847092731403874644e-01
5.063936836068454184e-02
-3.371860611339726477e-01
1.144506196553465083e+00
3.366745337634240165e-02
-7.374307364098581230e-01
6.854092943720925535e-02
-3.753362590469957016e+00
-1.977860318713448251e+00
-1.734575092103251226e+00
2.544668240896867384e-01
5.464169084905683427e-01
-1.380627504930070359e-01
-9.319626716201516448e-02
4.003743796285559875e-01
-1.319687896149419171e+00
-3.906739796716663382e-01
-2.457141526846575719e+00
-1.116794467983661221e+00
-1.279029731818038140e+00
-1.022392350509915504e+00
-6.663937533708701455e-01
-3.049445692127198196e-02
-1.141079273675577266e+00
-2.974671878127825853e+00
-4.481336338837551003e-01
7.999861610033337511e-02
8.794841232672029330e-01
-1.356124706071209773e-01
1.407224889319523276e-01
-1.588969782589490842e+00
-2.176892630249865068e-01
-6.213174356860856618e-01
-5.747520508016910057e-01
-9.687782824795343473e-01
9.060115609071858200e-01
-1.322807643993419768e+00
1.677269513861003869e+00
1.893686431655010827e+00
5.020547624910753903e-01
-5.798351177786410515e-01
3.596160019390676754e-01
-1.584878491348195029e+00
-7.377560603054019728e-01
-1.459279034945119569e-01
-1.467121144691590606e+00
2.007156095506438032e+00
-1.308462758162647566e+00
2.557971824609907019e-01
2.459603215262023274e-02
5.708527428366100276e-01
-1.091642793195741978e+00
-1.429971045487698156e+00
1.843751684698424098e+00
-1.323026714065245191e+00
8.976941126685523964e-02
5.453458716542310958e-01
1.407470390451600328e-01
-9.227825974054985059e-01
4.634663664877378131e-02
1.247520963511422831e+00
-5.945618740001583635e-01
8.224444335122025329e-01
-1.800487510215966092e+00
6.931447057965982594e-01
6.970951474057913710e-01
-4.732482975634429989e-01
1.383822997164342594e-01
-9.136680024678419665e-01
4.355597563186892063e-01
-1.936418191476648176e-01
-3.338669431012979971e-01
7.552234149471236391e-01
-3.152101794252193945e-01
9.912884153728130764e-04
-1.452487957143736019e-01
-1.047502261367552201e+00
-3.684268379331037679e-01
-3.249205133248292410e-01
-3.954201685492498425e-02
-1.146217724910176122e-01
5.666469406179566737e-02
1.395236393296946271e-02
6.597321355207806659e-02
5.333482968252976075e-01
-1.215517866176471784e-01
-7.623314034064229139e-01
-1.156876319999399438e+00
-4.961553565976143387e-01
-3.108955387959212224e+00
1.376483607817986510e+00
-2.648405811759275141e-01
-1.440966681166273577e+00
1.473337755997191634e+00
-1.394504780701532887e-01
-2.599536785728667199e-01
-1.089248520785147223e+00
9.244549375437844940e-01
-1.030986462621219069e+00
1.975031652841007901e+00
3.467276095361971483e-02
-1.556320742369999177e+00
2.950948531788389825e-02
-1.314134567192435821e+00
4.230088279610281221e-01
-6.078663653093104857e-01
-1.469023226015400363e+00
-2.672552237985412305e+00
3.559182890392068588e-01
-1.018779840068141374e+00
-8.252276688257672577e-01
8.606421786607818536e-01
-1.066650731837071486e+00
-1.141272778000570698e+00
-6.929774109524141634e-01
6.320835694778478286e-01
-1.790576492806036146e+00
1.195621800027423021e+00
-1.766505422736430742e-01
-4.472229622607212622e-03
-6.169982583808363286e-01
-1.290181318273743091e-02
-9.841334999915380966e-01
-8.931543860564792325e-01
-7.713633583388245230e-01
-3.294168845595145889e+00
-1.394953051065216609e+00
-1.313366362384977171e+00
-4.323757635701303698e-02
-2.059299202153071384e+00
-3.870441179395467390e-01
7.037334596668654019e-01
1.356034825828031642e-01
4.485373957445109583e-01
-2.114486955052097272e+00
-2.960808515985363654e-02
-2.152139603893384323e-01
4.533708083219606944e-01
9.854378649265967127e-02
9.876207942815029561e-01
8.075395996680732047e-01
1.219520866433672357e-01
-1.495005237726871217e+00
-4.387588011841749847e-01
5.332465074912651377e-03
3.179416227630359471e-01
5.273957991718045829e-02
-1.806754047441365696e-01
-2.226608182767454425e-01
3.098077203470323351e-02
-2.206135431780682943e+00
4.278520698656001486e-01
-3.142391263941837765e-01
7.475363493407991555e-01
7.823709619720256581e-02
6.063889352455058557e-01
4.981838400267334793e-02
1.143992372635820043e-01
-7.063564540380796730e-01
5.835366004202828874e-03
-4.110244518673777242e-02
-1.549970693506756703e-01
5.094942814191204539e-01
5.898318712168698630e-02
-1.684216253087622919e-02
-1.156738829826557541e-01
2.866499862046874569e-01
2.263937741124840419e-01
-1.352296924693767721e+00
-4.473220824019283892e-01
-1.071008232659149018e+00
1.223951357678944696e+00
-2.994757309040881887e-01
1.756574397910574403e-01
-4.469328624126588378e-01
-1.988051132696550538e-01
2.372591183318395903e-03
-2.443240539708010084e-01
-3.323870219618816901e-01
1.258987869667727688e+00
-8.172123381690721278e-01
3.391709979242694128e-01
-1.487985123744486993e+00
-3.251455893024195465e-01
1.704224850615206066e-01
1.192908160550315122e+00
6.125985486884094611e-01
2.319511137116992305e+00
-6.569537441847506098e-01
-3.845828207141808175e-01
-8.952423343717992588e-02
-1.192954500455546407e+00
-4.980580149626059328e-01
-1.842950332308345152e-01
6.054102025416387978e-01
-6.492669061993570911e-02
-4.864977903826158689e-01
-1.160951715659226842e-02
2.503254969193240975e-01
-6.529326015254610649e-01
4.894714166745018913e-01
-1.639989146416600319e+00
-4.455468340723155451e-01
9.199935671964713790e-02
-3.241335964892566035e-01
-1.037701307209493162e+00
1.234473983952503851e+00
-8.267700902835791732e-01
1.232702681816422174e+00
-1.376257000890435567e+00
5.354115181330306728e-01
3.779824026009151461e-02
-1.043264758692132199e+00
3.560660747898568013e-01
-4.094515211416169947e-02
-1.625628776598385394e-01
-5.486218838106905471e-01
1.117861561537962123e+00
2.114551354129524663e-01
1.459528455616705134e-01
2.570141595590045291e-01
1.226980023326840891e-01
1.741893218690449274e-01
3.568391030315451462e-01
-1.118711851733208640e+00
-1.357680973000892521e+00
-2.142410881399212375e-01
4.599715176984186527e-01
-6.955992640084051049e-01
5.850123720629457624e-01
6.748017987336600854e-01
-2.763653286131066977e-01
-5.324622455477565630e-01
3.824717782178627679e-01
2.217684629712384503e-01
2.276887033922248005e-01
-2.973135962741511873e-02
4.621726548820419556e-01
1.187254633681825503e-02
1.464221018979575961e-01
4.988911561706197428e-01
-4.702278675884925541e-01
-1.049462147476374563e+00
-2.174109953791142705e-02
-4.033578437984391418e-01
-8.984523818787057371e-04
5.721906462586726638e-01
-8.425577706652609411e-02
-1.801944903412623922e-01
-5.340861583369465038e-01
4.631263020432249689e-01
-8.922521879852668425e-02
-1.004275606993000114e+00
-8.784652816572956491e-01
1.081246677244288440e-01
-2.168688910392177760e-01
-9.501851634034946814e-01
-1.787029102271551206e-01
5.932000990142940466e-01
-8.934998912367518864e-01
3.631296837171171799e-03
-9.430422785399197871e-02
-2.781911106349201912e-01
4.130553451491494887e-01
3.171484888512621780e-01
-8.954826528342151315e-01
-1.092554727887255772e-01
-3.006435609346422844e-01
-1.723067352561940269e-01
-1.794643111428061655e+00
7.702047305430826940e-01
2.136922700560076327e-01
-1.355163428417539340e+00
-1.272214070660612206e-01
-4.046476884532808072e-01
5.244626729717376534e-01
1.902803308772098856e-01
3.766635683798599810e-01
3.499102405696521423e-01
2.936995958254235983e-01
-6.438637419362321923e-01
-4.703615633778476801e-01
5.972390145640060766e-01
-1.448596598684743109e+00
1.470098268516104312e-01
7.189211359753611141e-01
6.009164078418887112e-01
-4.289522187191549540e-01
4.341006204705160632e-01
-1.292936951831903658e-01
1.962330604794088051e-01
-1.385641118194399501e-01
6.605165836243596100e-01
-2.996655843533446162e-01
7.221974450798573919e-02
-6.912923438758035166e-01
4.003782321109844999e-01
-1.166236780763756142e+00
9.769086576967453972e-01
-1.594049022294088847e+00
-1.769358871965216462e-01
-9.348983563120831508e-02
-3.505267931235890866e-01
7.459337126980378208e-02
2.556157983462289951e-01
-2.309796057541490533e-01
-2.378412451158899710e-01
2.895008372871377134e-01
4.468727686056341297e-01
5.723233824087049504e-01
1.986704176780549128e-03
3.841995090929918588e-02
3.511486794998682215e-01
7.503711582455424578e-02
-1.712659546139615907e+00
-8.983004336094425613e-01
-9.357215634409771221e-01
4.548446690572784390e-01
4.229407498816147720e-02
-5.099351196328786306e-01
-1.664814205581784112e-01
-3.247029950335941773e-01
-8.447316257725630273e-02
-4.582150149498691039e-01
6.312209107076640624e-01
-2.575295943847519253e-01
9.413132558749000289e-02
2.120253712003238034e-01
-1.885257590238877123e-01
8.030778417603001706e-02
9.650897171558234233e-02
3.086743907162458611e-01
-3.546552249916903321e-01
1.004870906775692463e+00
-1.412391147096294874e+00
-7.448271432728155624e-03
-8.721138385601521215e-01
-2.082027519934906978e-01
-6.626376252375139053e-01
-1.089637037815446574e-01
3.713089244694452451e-01
-5.579407497069679422e-01
2.288173385590933917e-01
-1.643425747810365600e-01
2.498404157765156675e-01
-7.844466153086828708e-01
-4.798372735411037260e-01
-9.060764019776034184e-01
-5.429870266011554980e-01
5.765253489412043297e-01
-8.119055514203544766e-01
-3.541063856929336784e-01
1.066933085843937201e+00
1.244411056796199233e+00
1.099955908319769360e-01
-8.132908101488495189e-01
-3.129254983395599599e-01
7.008065521120175612e-02
-1.034959164300718104e+00
7.385430113885624870e-01
-5.920041837089590198e-01
3.215950977554859341e-02
-9.725954828690840381e-01
-3.230904920845874551e-01
2.664446462195772525e-01
-1.136087216628944629e+00
3.165999679874031969e-02
2.013080712431591368e-01
-7.201315710594873021e-02
1.500786809996811633e-01
-4.464236046029276817e-01
2.505030472322717916e-01
2.214102743482946126e-02
2.292297795881417521e-01
7.690918970398333832e-01
1.255496056574110508e-01
-4.715085235721406393e-02
-4.154514021371666366e-02
-2.605056474075822526e-01
-1.510248911886229450e-01
2.477985286823370520e-02
1.450396692629482009e-01
1.455309019053420694e-01
2.252323971348487580e-02
-2.191507167476754447e-01
-1.805508360096746423e-01
8.363061108533537125e-01
-5.247624474441000553e-01
1.369824688511039446e+00
-5.836471130352633985e-01
8.483462582908967153e-01
7.487493883009103957e-02
-2.075932951837529683e-01
3.904779964116172342e-01
-3.917335477198817251e-01
2.723399445872330960e-01
-3.737486226082714080e-01
-2.480712051434685872e-01
-4.331102597974022528e-01
6.601992506746509615e-02
-7.217477229584653986e-02
-4.712338392942679727e-02
3.868563190466201007e-01
7.325169947137980322e-03
-1.155134980948543832e+00
-5.349198727279229626e-01
-6.290499140920263743e-01
5.035828152076979869e-01
-1.637571343266059909e-01
-1.047156744384319417e-02
2.961193519682790432e-01
