-1.909930807986803369e+00
-3.411287752180268029e+00
3.350391810913923296e-02
-3.536574558550408254e-01
1.066854901839552783e+00
-4.402481144049033568e-02
1.576708854374327062e+00
-4.816189549974349560e-01
-1.284263997544880409e+00
-7.350447663010390986e-01
1.313686482213801909e+00
-1.846643173362949808e+00
-1.347510620983186191e+00
1.656901795107811326e-01
-3.236867052898351194e-01
3.686130469661462183e-01
-1.983109053639556141e+00
-1.428966011290945526e-01
1.680797399063061137e+00
1.086863813276022633e-01
1.521828980040548007e+00
-1.283094371527597310e+00
1.866437089640503810e+00
-2.772977540141975616e+00
7.702299632179349098e-01
-1.438596774810950940e+00
8.139798200029686459e-01
6.116318557607167833e-02
-1.201291701549419999e+00
-7.166792420846453959e-01
-1.632646909547869063e+00
-9.738488944929094004e-02
-3.389143056826366962e+00
4.628436067677673682e-01
1.200920498419548871e-01
5.776472778592837976e-02
-2.757185778535311105e+00
-4.999092661666800219e-01
-1.559967225580283445e+00
-3.402306527754662913e+00
-4.334431848345299820e-01
-1.313586143006525653e+00
-1.906991166526335713e+00
3.100614431749320055e-01
5.634451358287068112e-01
-7.560596403460348447e-02
-1.469191589719524849e-02
4.244359209896227725e+00
-1.706754923550311887e+00
1.011975925236529239e+00
-4.317435542338965981e-01
-1.203269127616177991e+00
-1.792386933892352874e-01
7.356667718658663757e-01
3.448968130447043201e-01
-1.136783245503528272e+00
-6.296617218851157105e-01
1.390335039706898090e+00
1.793235245801523936e+00
-8.894748381100384682e-01
4.446453739716643705e-01
4.640022229652055463e-01
-9.220454780750566570e-01
7.583932506454666989e-01
-4.200643298744290155e-02
-4.359778983099285576e-01
-3.182440071759101152e-01
-2.295395527494103582e+00
-9.249817118130402305e-01
4.268550714239048860e-01
6.304614550988355548e-01
-4.559276985861083764e-01
-1.741355204138355095e-01
-5.498645806904032263e-01
1.493750239824674475e+00
-5.249297366310905488e-01
-4.025591234468472446e-01
1.178962580222054690e+00
-9.909114449584329742e-01
-1.817892837295156661e-01
3.749929053713105809e-01
-1.121495836253842970e+00
-3.556010315723129533e+00
-4.782188440750775871e-01
8.116311707061305558e-01
-2.783689053334139185e+00
-1.715406174719051324e-01
1.741098425674674488e-01
-1.729266975655913419e-01
1.013896901411356799e+00
-2.718816573857601782e+00
-1.214404448467177211e+00
-1.555842902785828707e+00
2.384498017563217775e+00
-7.934277434422118969e-01
6.112374612904654114e-01
9.151168660270485589e-01
-3.532217605890201062e-01
8.485392469789283520e-01
1.336368177218446029e-01
-3.226035241627203565e+00
-4.976726151604474180e-02
1.112446684149179799e+00
3.719552323625383572e-01
-1.424846758393654156e+00
-2.172627338973629918e+00
-1.903366778281604665e-01
-3.049663652883171094e-01
1.053319798697031517e+00
-2.572123402442005324e-01
-3.842395211584156978e-01
3.295911354662202530e+00
2.018894137835723246e+00
9.517425803031777098e-01
-5.393510598438607806e-01
-1.778464199697494585e+00
6.216649052611463722e-01
-1.792629763241366136e+00
1.195861552086604052e+00
1.593467320935431530e+00
-6.409049587487787303e-01
-1.269539966030326594e+00
-2.149382744945466772e+00
-1.071932196134095516e+00
-7.140973816490802095e-01
-1.545922608695811107e+00
7.360723405323065238e-01
-9.463433982981420689e-01
-6.484967259175516974e-01
-1.926355804694972695e+00
-3.355403651018861844e+00
1.421847416750007254e+00
2.753662211994705733e-01
-1.445012112564938667e+00
-7.202420177656664313e-01
-1.239120266600420184e+00
1.147636819983908429e+00
-6.658432829924626484e-01
-4.588999423718944648e-01
-5.228819282364630672e-01
-9.922649504865050929e-01
3.489161408346998228e-02
8.275805131043938515e-03
9.953558424852421149e-01
-5.152530532452884865e-02
-7.031093697170901491e-01
-2.048175769208719910e+00
-1.658181647817500215e+00
4.226037461495161240e-01
-2.553659544215958199e-01
8.179736411759479242e-02
1.222892410120590689e+00
2.210625865495658982e-01
-2.913775544865875866e-01
-1.413090532189036630e-01
-9.211525651214076404e-01
1.009863530982898494e+00
1.041097117634456337e+00
-1.359848159655443478e+00
9.949504745847457254e-01
3.543697025340404316e-01
-3.621612971786964952e-01
