1.631923444246546673e+00
-1.040109936930061707e+00
-2.816849543039028791e+00
-1.154934601744961542e+00
2.881271383220128102e-01
7.625334521770887886e-02
1.478306895064483761e+00
-7.643727550722547726e-01
-4.081878319626139451e+00
-1.519133801603242295e+00
-3.089631231005081635e-01
8.470418602986584666e-01
-1.744471108550677663e+00
-5.077343905858111572e-01
3.579833503627754876e+00
-2.795781373408249282e-01
-2.027400702834033730e+00
9.124841976452613412e-01
1.551593436733292863e+00
2.669395292161631073e+00
4.637353463010292914e-02
2.857900690625372331e+00
1.264364598520784755e+00
2.066742945914509022e+00
7.747906662815022827e-01
-2.433973521282147001e-01
-4.663049503463996825e-01
-7.504348371219171643e-01
2.204539241130374361e+00
8.448399815152860537e-01
-2.162030244194035333e+00
-1.081546318258459261e+00
-5.605102653919146194e-01
1.365552902503374688e-01
2.207103856817707876e-01
3.864647339426774963e-01
-2.434498265188511201e+00
8.153447364160042454e-01
-3.182454279652454088e-01
1.460395066465395297e+00
3.640073020083414157e-01
2.243797719469005081e+00
-1.126915346620731839e-01
-3.891773440566923536e-01
5.955273474191460359e-01
-2.551092355243849585e+00
8.119170234643503514e-01
9.963574642828834094e-01
1.745319036518779843e-01
-1.784435479051953988e-01
1.868983190686662299e+00
-8.427162615186674088e-01
8.679344042890015931e-01
-3.016864588990244567e+00
-3.058507617535542344e+00
1.066238895271861775e+00
-1.124543421883582139e+00
-2.706863457312850940e+00
-6.055427584866810431e-01
-3.141303613700235697e+00
-1.705728826706836010e+00
1.920243346138550689e-01
-1.183729222996650760e-01
5.940517820073570876e-01
5.762132872523312299e-01
-3.732149371838617835e-01
2.234296614683050630e-01
-5.849656369210511908e-01
-7.187867084575285670e-01
6.257655948974293336e-01
-1.593652169456392986e+00
-8.159845026085693620e-01
-3.838772880829415257e-01
-3.700503278051836986e+00
5.837115221318652791e-01
-2.443708506642851663e+00
-1.247814052055218059e-01
4.085468535437277726e-01
5.004137916757259719e-01
-4.188394809909909533e+00
3.945849668909936492e-01
6.851542076881015353e-01
-1.779127058935945582e+00
-1.763726381279062450e+00
3.880860351340691405e-01
-4.216918534440208116e-02
-2.263602465772389660e+00
2.473632192808259411e-01
-2.922025122197585034e+00
-8.274691090623323975e-01
-4.049149671192867617e-01
-7.223222175833263758e-01
2.793427475227558410e-01
2.698955718293741257e-01
-2.628040794000429670e-01
2.158311251960045141e+00
-1.077854597640581780e+00
-2.049424389365786525e-01
