-2.046722942710728077e+00
-3.462093278720619782e+00
-4.299406105703150634e-03
-2.772637918078864061e-01
1.035903992247006578e+00
-2.325401312347129545e-01
1.653863954023756744e+00
-4.476914416997150870e-01
-1.261834069572574490e+00
-3.237977146532016737e-01
-7.094190260262518422e-01
1.270853498593500941e+00
-1.768582091748859719e+00
-1.454693161723108252e+00
3.685270774953519624e-01
-6.019500613985431237e-01
5.722462611537911803e-01
-2.006599708830639539e+00
2.792847333701363177e-01
-9.812654362848444167e-01
1.495602081329219679e+00
2.021177617218535005e-01
1.528688847302511089e+00
-1.163325163921804295e+00
1.914663579991222164e+00
-2.611041552857198411e+00
8.146939819638127078e-01
-1.455120956432637280e+00
5.747762704418943880e-01
6.266012520689866194e-02
2.029673819211177399e-01
-1.401366943172792423e+00
-6.946800350804527291e-01
-1.581057504438648120e+00
-2.372026006272989762e-01
-3.573120465534407320e+00
3.362008615106988341e-01
-2.487770968790482123e-02
-5.644714429357813174e-02
1.009348967393670415e+00
-2.646674761168795520e+00
-5.166203357617999981e-01
-1.448931206240306802e+00
-3.564716859632572010e+00
-3.646933300991894167e-01
-1.392603968188029784e+00
-1.926793925652861450e+00
2.333954122657494190e-01
2.627745952199079804e-01
-1.397334962280137594e-01
4.219375378479611402e-03
-2.737158644641610183e-01
4.555761023975393620e+00
-1.849057416896324302e+00
1.065703693724597168e+00
-1.071568844491084666e-01
-1.509077351248125920e+00
-9.082407617735900607e-02
7.964803337076060696e-01
4.487563910998972339e-01
2.186501097646821601e-01
-1.155259703897311141e+00
-7.032498993949082289e-01
1.365518633700344431e+00
1.941956427796365015e+00
-9.124250854382266462e-01
6.727259068411596266e-01
7.385782263814359705e-02
-1.049523064318382382e+00
-1.126701881315079534e+00
8.415032627059393366e-01
-9.330083098384424345e-02
-6.927950981227680716e-01
-6.429759572345153940e-01
-1.943365702053972299e+00
-5.834285563417003218e-01
2.795735846032845195e-01
1.239153156623424179e+00
-9.812314800604378107e-01
-3.533171208678949626e-01
-1.092995449568094468e+00
-3.437717075063442818e-01
1.758602271070195178e+00
-2.076127615255664582e-01
-5.934035664621946093e-01
8.246882250566307526e-01
-6.778528138679924542e-01
-5.254501890117591056e-01
4.932774205965023140e-01
1.329148741367054687e-01
1.349624287977302162e+00
-6.930882729616973936e-01
6.071483586738509741e-01
-6.116586608073929648e-02
-1.034637382886512524e+00
1.698099108295051118e-01
-1.372023936782352516e-01
3.982832722833068995e-01
-4.767222306703032819e-01
-8.716202344152231829e-01
-1.082575056650191714e+00
-3.478054429275704962e+00
-4.092365707999105484e-01
6.862925622580881013e-01
-2.774324517448210958e+00
-3.121282299716577890e-01
1.159543002874979245e-01
-2.945461109477989226e-01
1.126417523245427876e+00
-1.313797202248778051e+00
-2.698683426492806348e+00
-1.406169200954398457e+00
-1.832661607622080746e+00
2.710348075471417761e+00
-6.857380101688400620e-01
6.732085572326593770e-01
8.775882077871176579e-01
-3.596638651867688496e-01
6.132809604467983622e-01
1.736356433563362556e+00
3.248608680996953324e-01
-3.175299137488683421e+00
1.007677466999994248e-01
9.611451911313839691e-01
4.007202728773459066e-01
-1.459784100475115309e+00
-1.971568662995508703e+00
-4.295055029480147057e-01
5.059476438565348178e-02
2.251001746064510423e-01
7.696325678499500444e-01
-9.954967352045844195e-03
-2.118761228849577738e-01
3.319123476000285233e+00
1.972910117748732706e+00
1.034990615842113382e+00
-7.236094917021829165e-01
-1.534070921169424562e+00
5.433327645669064898e-01
-3.358875092114373961e-01
-1.705323278618914973e+00
1.008221571075253342e+00
1.711407942508172297e+00
-6.734696384493285004e-01
-1.409461275661552548e+00
-1.986652389165549648e+00
-1.257655442842239513e+00
-7.046770212771753528e-01
-1.545279556082627348e+00
-5.006370957712952263e-01
8.377437481787278761e-01
-1.213485758895467947e+00
-7.227649820602930486e-01
-1.983136494240961500e+00
-3.597863411849030246e+00
1.277668924633344583e+00
1.895294674918830968e-01
-1.610079693285948688e+00
-9.394136638512582405e-01
6.241839468985010964e-01
-1.554507074595557148e+00
1.098146691812571740e+00
-8.510798685546657749e-01
-5.468860276152516242e-01
-2.867820663091184552e-01
-8.245410858659436570e-01
-5.464691331825653579e-03
1.146770762666383392e-01
1.254609767702475898e+00
-1.451167736009705833e-01
-4.297463010888281226e-02
-6.298688428520388127e-01
-1.863322833842285586e+00
-1.337001673617500552e+00
9.707886008555362267e-02
-8.281063369824972487e-01
3.761608211751571451e-01
1.862372072097749243e+00
2.519657894377670959e-01
-3.747303797734741759e-01
-2.719265865533245230e-01
-6.480109116302984473e-01
-1.019837583766094680e+00
6.686357340923585468e-01
1.521182439352815940e+00
-8.042363284272918689e-01
6.421003663412312434e-01
-6.980477205966141574e-02
-4.464582241873875645e-01
3.660658562532703719e-01
-1.806926511419027603e+00
3.600759222924547198e-01
1.012515946307378290e+00
4.043451532899678402e-01
-6.437900485463023126e-02
4.991947842487008402e-01
-4.606539916415066105e-01
-5.713462356030465372e-01
6.521090978422546813e-01
2.307722752045847370e-02
