1.342300351133676628e+00
-1.817637844489767618e+00
-1.927152447211602393e+00
-1.594856626945410971e+00
1.355029178662666145e-01
-1.671086276339387888e+00
-5.967005352363888848e-01
8.984217165257728510e-01
-4.891099267539078532e-01
-6.768698581367946221e-02
-1.358930848727012974e-01
2.674184685446103771e+00
-9.342903841664329523e-02
1.705373590363559178e+00
5.582109330935874913e-01
-1.684110663053031365e+00
-1.274147331964147756e-01
-6.714903382384410646e-01
-1.260579718063569443e-01
-2.391821107112884759e-01
-3.068913180819229591e+00
-2.794031643193516448e-02
-1.251843739188006257e-03
6.496320766328397833e-02
-1.162901360121922245e+00
-1.378978798954516805e+00
-6.123015819634038959e-01
-7.201463215172877463e-01
1.152395547737155912e+00
-6.760544935340256911e-01
-6.120232012499402310e-03
1.138871529756534606e+00
-1.572709355060551761e+00
-1.988213282804673243e+00
5.837099951226384364e-01
-6.757586168856529740e-01
2.713693464208745132e-01
2.827846715635645158e-01
4.168793984321664259e-01
6.162264676150224219e-01
8.020871994539521266e-01
-2.565781916454344391e-01
5.241600406657541678e-01
-1.553244195898808355e+00
1.942802888555319685e+00
-1.269710395183928364e+00
7.196708506882537604e-01
-4.574233713651112976e-02
-4.266510699417443986e-01
-5.954821231041899227e-02
-1.563401220028269312e-01
-1.602544174624198903e-01
-1.651907374552598895e-01
-1.044969718013924576e+00
-1.452022513166237205e+00
-1.378715948819282833e+00
-1.800386922138201840e-01
-3.301464827137739477e-01
-1.010945323170780563e+00
-3.955655318427467870e-01
-1.248709037033351787e+00
2.818480590114193218e-02
5.660281040325012419e-02
6.717103001046004218e-01
-8.513882855790409765e-02
-1.826806754784015829e-01
-1.299053363862455956e+00
5.217157475424225588e-01
-3.506043599563048452e-01
-2.976728389986696421e-01
-8.088589446964589147e-01
-9.691975236851542164e-01
5.944229678563072161e-01
-4.994730633583293611e-01
-1.697249274630246996e-01
8.592306281425135528e-02
-8.044437462910241088e-01
-1.241871458965460029e+00
1.912626526488845069e-01
2.041788963241503163e-01
-8.237068843730255274e-01
7.225642941642621553e-01
-3.549043509578626576e-01
1.119568020763585192e+00
-1.161766300930662105e-01
1.228088326333763997e-01
-1.343660043233540213e-01
2.215655496377678946e-01
-1.104247410904520388e+00
1.665350625730096512e-01
-9.974388035946631925e-01
-4.536628552999601993e-01
1.076891465215800842e-01
-1.888869818972773174e-01
-1.269481674476108657e-01
-5.183982480753904776e-01
1.979526014319294702e-01
6.993709445842045958e-02
5.002362478547535130e-01
-1.809362797570421566e-01
-2.257804837591340430e+00
-7.420169420552173989e-01
-2.298534445627512746e+00
-1.633907151087479637e+00
-2.357063938230063105e+00
-1.135911240522095911e+00
-6.659599621154920213e-01
-1.779606304311443510e-01
6.798946139733166860e-02
1.162303830877003064e+00
-1.519127596199338237e+00
4.724614078600862244e-01
1.222667915135147387e+00
-7.191554394208088397e-01
7.011557231684956148e-02
-2.624739483113403438e+00
7.300390165841854628e-01
1.236784612090256891e-01
-1.415771043980066923e-01
-1.191031327356860237e+00
-2.415251695053447778e-01
-4.836222175369164211e-01
1.475944080763963662e+00
1.183051939797643115e+00
1.262990244247106375e+00
-6.484413191475895122e-01
4.106097569225696242e-01
1.243458946414476296e+00
-1.469785073627968841e-01
-3.533447017904531307e-01
-3.960156735164285458e+00
3.783117608193355408e-01
7.789166694016615988e-01
-7.470475385947568103e-01
9.530028926457946505e-05
-3.687456397683591125e-01
-5.074521062915230418e-01
-8.593173214170436447e-01
1.549859454777852419e-01
4.121959836509669906e-01
3.458341473731775806e-01
9.486866183949740350e-01
-1.033160962819288597e+00
-5.081611119015155831e-01
-3.827609017020824900e-01
1.335606620606680561e+00
-4.095698054345404127e-01
-1.777469389917632148e+00
8.229287011124353235e-02
3.925271492959472308e-01
-1.663974709606407254e+00
-2.696645545265186072e-01
-1.319420780756894729e+00
-2.469394268290758365e+00
-3.987726523865539718e+00
-9.002213057357074666e-01
3.464586343174783090e-01
-4.638845905416976168e-01
-1.478029624383447593e-01
7.272730866493695712e-02
1.428566752765423553e+00
4.376531935895443537e-01
-1.121457831214104139e+00
-7.193395852262711443e-02
-1.237735424290250796e-01
-2.234151524798781985e+00
3.183671007535462394e-01
-5.481334564748789884e-01
2.581071728295526377e-02
-4.991344993851027367e-01
9.972232980142564651e-02
-7.744347218273307520e-01
5.408512539750133241e-01
-8.073696753310548591e-01
-1.017092680083199197e+00
1.811034990817071422e-01
1.822210396425802681e-01
9.483858590540424904e-01
1.926929173860706668e-01
4.874709652919991809e-01
-8.045355373365205417e-04
1.052340522186621552e+00
3.230557521283713290e-02
-1.321350126565397298e+00
-3.031619050982699570e-01
1.506012875986258992e-01
-9.387057051316877176e-01
-4.438917720252337218e-01
3.425259021372973334e-01
-3.019223824109967258e-01
-7.500181304220691902e-02
-4.728099276027743492e-01
-7.527325319205148135e-01
7.150289390458791812e-03
5.060641428336922626e-02
3.168057762329880012e-01
9.759550460737373978e-01
-1.865865250044880241e-01
-1.094060080247349465e+00
-7.190794719871190788e-01
2.360081262105122146e+00
-3.627494963796327632e+00
-5.187693308835611417e-01
6.576928253979339445e-01
-5.601012367985284957e-02
-6.846695770552148064e-01
-1.106405874650462584e+00
2.773396764825160621e-01
3.032770777845367749e-01
-7.237179047261838027e-01
5.971108537850681186e-01
-8.695569114036194591e-01
-1.710359165336454490e+00
-5.076133288223871887e-01
-9.346069081365251385e-01
-2.022391689642967449e+00
1.006195459258977909e+00
2.879593837455132199e-01
-9.547359073971053434e-01
-1.300010965857331668e-01
-1.104723407865493057e+00
-4.284954031281974496e-01
5.075954626915519796e-01
1.703202715963921143e+00
5.021714376196392271e-01
-4.924655361761577366e-01
5.206477741700099582e-01
5.460237271761461120e-01
3.028526411369897864e-01
7.526667275130101420e-02
3.469171530984468260e-02
-3.055404101540073913e+00
-7.566246144632309267e-01
-1.531750708745628797e+00
-3.844036961694565768e-01
-7.103001579751494488e-01
8.366975313278758319e-01
4.339717362061959460e-02
4.655990453127086259e-01
-2.914193238637663441e-01
-1.267757603725937487e+00
-1.708108052002786259e+00
-2.268385357107038924e+00
-1.978499119373864579e+00
-5.435955590388406033e-01
-1.083501099619514685e+00
-1.110224513770289745e+00
1.450417540288648111e+00
-1.014708468259596930e-01
1.173942317238208105e-01
1.094327599968870218e-01
-2.135252497551419548e+00
1.493796452085428772e+00
6.215747132398077301e-01
-1.306192904636592766e+00
-7.445523297395415518e-01
-1.105219740954871632e+00
-4.887584058034324941e-01
-2.822961663581374236e-01
-1.775669968611160443e-01
-9.249384430038914973e-01
3.301429886767980326e-01
-1.112053482072212329e+00
5.510332480645587783e-01
-2.094107302953063521e-01
-8.797035978344724949e-01
1.948328966914680549e-01
4.342392115641626749e-01
-1.258547995547767195e+00
5.111752889778894277e-02
-1.270892754231454980e+00
-1.116735530289629935e-01
1.839638082151786591e-01
-2.028247525893546732e-01
-1.037605157209961160e+00
-6.203527046001895418e-01
1.036951870822348520e-01
-7.587341947590940938e-01
-2.359350986924570182e-01
-4.032156226256108367e-01
4.738620157680244471e-01
-4.714262507522709034e-01
2.989699875818684072e-02
-7.865578614699404447e-01
-5.459960489685904139e-02
-3.391327799878756655e-01
-2.439797359818895225e-03
-9.958292827768484845e-02
-6.802157021240712309e-01
7.768956438859932201e-02
2.062296433560477649e-01
-3.806124530834924524e-01
-4.150429844234083676e-01
-6.781131548831187406e-01
2.179394750217215210e-02
-2.533646960842147466e-01
1.320240815886450259e+00
-2.815830598617919955e-01
6.775941031218940536e-02
-2.951513531913723676e-01
1.309489744192626093e+00
-7.395518954616375762e-01
1.074009922412797913e+00
2.138810796457744079e+00
-5.333472143729510728e-01
4.766955719923732238e-01
1.219492467155759430e+00
-1.075124274508972855e+00
-3.753528740837653865e-01
-1.507681492660888634e-01
-3.540019177454488131e-01
1.199168613767992886e+00
-2.484689721817809005e+00
3.546285712456696548e-01
-2.827236991936410870e+00
-6.378656641726064835e-01
2.722212472049885812e-01
-3.693558558680688497e-01
5.603004226219400197e-01
-8.196252585787882072e-01
-1.367994940956524852e+00
4.543905955809777741e-01
-2.620101628438983976e+00
-5.804866930067521524e-01
-2.707322752230132412e+00
5.015284716141830135e-01
7.715058393793104985e-01
-2.359578314765718721e-01
2.879601010055787835e-01
-2.813762523006870797e-01
-1.099285654757362840e+00
1.177619800194976696e+00
-1.513368259918620728e-01
5.325278136078839264e-01
-2.271498613256848209e+00
1.650659391949953259e+00
-4.582259142630499271e-01
1.944887814021287464e-01
-7.634616560240699012e-01
-4.116029965007068636e-01
-2.944505528372282077e-01
-7.630840920171070296e-01
1.115990644073403537e+00
-1.507266597109684358e+00
1.265866813384368683e+00
-1.791075864057373401e+00
-8.399561713450640621e-01
-1.487579419799327729e+00
-7.706255753076840520e-02
7.170649506679273033e-01
-1.248102597225423827e+00
-1.256044693259771527e+00
-3.883431365400243362e-01
-2.125395415185689529e+00
-3.725607670670828320e+00
-1.039347387709903814e-01
3.378526117659543804e-01
-8.483598172157051642e-02
2.263824823206971038e-01
-5.108605701884115780e-01
-3.443184690547125282e-01
-2.025512415087476203e-01
-7.839634673248370433e-02
3.422014664015275431e-01
3.708817961716200373e-01
1.970211159202910345e+00
-4.515574337968739638e-01
4.342039491859853162e-01
-1.363314077652615086e-01
-1.278128725934488008e+00
7.705153085914777655e-01
-6.175693250718198302e-01
-9.319946485246488610e-01
2.510711138970183054e-01
1.509140309982912598e+00
1.949061462464214967e-01
-1.473468562932027104e-01
-1.255407478101047580e+00
-4.204000048891735619e-01
-5.555806521321599023e-01
1.116718300911027049e-02
-1.114286749190255721e+00
-3.195881212878539657e-01
-8.495636412910761992e-02
-2.680597072234685019e-01
-1.071555090010018613e-01
1.174542222836534755e+00
-2.813549340493635975e-02
-8.678282087421765878e-01
3.982190214935542039e-01
4.923329992103782637e-01
-5.357154662375961385e-01
-3.096512318035861133e-01
2.775468313412896570e-01
-4.908797588504013043e-02
-1.047199893409409555e-01
2.759901387654956628e-01
5.982518228278520256e-02
8.841585672804235241e-01
-1.319446872256211378e-01
-1.578114033686434103e-01
-4.033098763101105710e+00
-2.070237401361050278e+00
-1.673838551831377419e+00
1.204847148154185588e-01
4.019584405527683035e-01
-1.570923239827057005e-01
3.614611029676324805e-02
2.522696836079597049e-01
-3.643447117475095975e-01
-1.536476331399825090e+00
-5.150814658400771906e-01
-2.533875136150716134e+00
-1.071710519686824625e+00
-1.447540606826238641e+00
-1.278160857563884978e+00
-4.993502751872831436e-01
2.009760865956722320e-01
-1.291128787116374799e+00
-3.017482280563881791e-01
-3.047830774288818212e+00
-4.205635541758860896e-01
-1.962715996161191329e-02
7.385289462780647574e-01
-8.362529169583876598e-02
4.593282923950594010e-01
-1.428457833598225202e+00
-4.282846750709012884e-01
-6.861340476339736760e-01
-9.663842039176739895e-02
-5.541667384833521837e-01
-1.075293977273287238e+00
1.792294365651960319e+00
-1.237393640825410479e+00
1.904538947133664006e+00
2.095935641397824067e+00
7.524143166377299241e-02
-6.563899312792234042e-01
2.227259354377079115e-01
1.221325692351109445e-02
-1.680984428228242011e+00
-8.277775186130527096e-01
-4.325828682724194851e-01
-1.441712893241001936e+00
1.941730756262076918e+00
-1.404237496149556064e+00
3.332525894628364238e-01
-8.157413451164359508e-02
4.970845563504382447e-01
-2.207238685327216343e-01
-1.262501429387428598e+00
-1.538043981953160610e+00
1.941576243595467988e+00
-1.190144419548979648e+00
1.045198383641571388e-01
7.110290909311421936e-01
4.716029745316370203e-01
-1.084446796012382030e+00
-1.893974496930169171e-01
-5.575326211695986744e-01
1.171555642855536705e+00
-6.791723851022299918e-01
5.549499989815789291e-01
-1.534744805246079036e+00
7.892547061725105895e-01
8.283029608855492221e-01
-1.717431946617682947e-01
2.397423108483239529e-01
-9.883837832346460406e-01
-3.433722620366802536e-01
4.294157484365385136e-01
-3.701895775202235783e-01
4.511774566477239068e-02
6.407312030547026582e-01
-2.748538302850614401e-01
-2.588342503763549907e-01
-6.564081084297437862e-02
-1.170202091941247691e+00
-3.939291038204775774e-01
-2.119885404592253830e-01
-5.518135776650789220e-02
-6.439495935087376222e-02
-2.944524002928101680e-01
1.194702401146621323e-01
-4.110293631397034242e-02
2.276448298488752964e-01
5.316741489011176380e-01
-2.362684951471113459e-01
-1.007856272511780116e+00
2.411928894813284430e-01
1.051436076354147348e-01
9.380509988074593741e-02
-5.961404207165916791e-01
-1.699750837797983638e-01
-2.385764475528727724e-01
-6.531115175118508420e-02
9.281804191739342347e-01
-1.613074190949198017e-01
6.397322438072522433e-01
-2.537878883699710153e-01
-1.249659457638232274e+00
-7.039159072282152874e-01
-3.098997417640777297e+00
1.600073150463904303e+00
-5.242901346698759513e-01
-1.712879903536284498e+00
1.172502339703548779e+00
-8.317507172488416978e-02
-4.257783629331837183e-01
-1.565684914371634762e-01
-7.613954862718058658e-01
6.320220880346535397e-01
-9.209894301125655103e-01
1.731232869152215637e+00
-1.447093431186310952e-01
-1.481653202910080402e+00
7.909552182298090067e-03
-1.096769196785974509e+00
3.928703528472937134e-01
-5.629913003158043550e-01
-4.245724517631130901e-01
-1.451400953000469674e+00
-2.720585737963284956e+00
1.055375284567268701e-01
-9.654609166358673056e-01
-7.774063923271200549e-01
5.877253068753681697e-01
-1.050551559489861786e+00
-1.104837498639294147e+00
5.219246440061618975e-01
-1.071186278687521032e+00
5.401881261382478483e-01
-1.887103618431253071e+00
1.283335344965663705e+00
-6.611034378005522516e-01
-2.218809203172524558e-01
-6.436836056991482868e-01
1.551627778368199762e-01
-1.201202548661115310e+00
-3.093055519591196845e-01
-1.014100853472245545e+00
-4.343880574221953839e-01
-3.464500956830378620e+00
-1.647888684947489857e+00
-1.062706317703641767e+00
1.972546660654363460e-01
-2.011505998326759137e+00
-6.301107527797566998e-01
2.928500157613426191e-01
2.172005950008513986e-01
1.973177013401938851e-01
5.079084349947378119e-01
-2.064566502270682502e+00
2.808088840189523414e-02
-3.008131407489096354e-01
5.120887019009746632e-01
-1.007555387737438767e-02
6.792780474591953999e-01
9.960627473623873129e-01
-3.875524121508184816e-01
2.141089145159621662e-02
-1.560289987911462006e+00
-4.989159261124229139e-01
-1.524544491192431905e-01
5.738873538009954256e-01
-7.205009178385439472e-02
-3.553390852750599321e-02
-1.902937931058499288e-01
1.143626375331474078e-02
-8.556977717764964186e-01
-2.059720343773847162e+00
2.342086690034723695e-01
-6.348818982919745002e-01
9.251601993167233307e-01
-2.214197799444532488e-01
6.350450636177182862e-01
-1.264128519504544024e-01
3.925145161825983053e-01
-7.345030215802448303e-01
-2.951226282495873487e-01
-5.118539315357281128e-01
6.992870114937968506e-02
1.693612324707536310e-01
6.196643838802551318e-02
1.840450207288061024e-01
9.735233120876968238e-02
3.036479611629079867e-01
1.254157196062676838e-01
-1.041447648019884625e-01
-2.776896856177298867e-01
5.542003141675064942e-02
-1.386418894573436367e+00
2.399657898487887742e-01
8.181004097525047813e-02
6.378607579829597141e-01
2.794638702969244326e-01
3.041588349685639958e-01
5.457481639776932125e-01
-1.710924179025026248e-01
-1.158051779657271740e-01
-1.174939488039009827e+00
-3.703521021112419764e-01
-1.637955638554140725e+00
6.524214294615535703e-01
-1.320380811322899861e-01
2.052565612748606660e-01
-6.414485428091334374e-01
-1.920174783331689838e-01
4.674474677326691530e-01
6.966786945989481561e-01
2.745883928581634992e-01
-3.155386770818667808e-01
9.890132520225145552e-01
-9.011255533418867092e-01
3.921203480904460470e-01
-1.436474054475471496e+00
-2.850318650801710318e-01
-8.046807992081971700e-03
1.404846239906896832e+00
4.699238805419505421e-02
7.681300928090083469e-01
2.234981573046900927e+00
-6.934059536699469506e-01
-6.059998836387279209e-01
-2.775835876719500717e-01
-1.110004479413777778e+00
-4.834829702257362749e-01
-2.908963382111635076e-01
7.490383846761519138e-01
3.098294131551342923e-01
-6.097049617714485059e-01
-2.680726745824077994e-01
-7.768145383737591614e-02
4.951539870903979845e-01
-4.322326530842212633e-01
6.059303595776505125e-01
-1.651328788783358537e+00
-4.879504812989813312e-01
2.040420479330935233e-01
-2.617665455794224161e-01
-1.153297582726452580e-01
-1.108341621108455133e+00
1.156280222851925332e+00
-7.309177566634952328e-01
1.201449432893378466e+00
-1.608598644336049155e+00
5.688283941812168898e-01
-4.129547590615787606e-02
-9.536021228210528333e-01
-2.119111294874473916e-01
4.148518296729134525e-01
-3.235951391727474591e-01
-2.270108676159458133e-02
-3.788060449758053894e-01
9.165230481902479909e-01
9.461847478528973010e-02
1.689936267239921797e-01
1.452033929558230463e-01
1.961652237391061926e-01
-2.026824782259891988e-01
1.172136007971513183e-01
5.943730339434967203e-01
-9.638506304112518519e-01
-1.701282467055402980e+00
-3.433687640304087380e-02
5.414807540878403547e-01
-6.556830953612815538e-01
6.167681874944839215e-01
6.633963637207149766e-01
5.815169817851367773e-01
-1.007737415749215305e-02
-7.436857062130209917e-01
1.822014105326918432e-01
2.734206926276955274e-01
5.490299268084243289e-01
-8.089223541396457773e-02
6.605697443392800627e-01
2.098412332858950458e-01
1.467949802289882436e-02
-1.913786358083549022e-01
-9.052024131864179479e-02
-7.984346197434284420e-01
-1.249669496845262850e+00
-3.654431591619021757e-01
-8.861808332418504852e-01
-3.132114921757637727e-01
7.977170219178698618e-01
-2.244601632089115728e-01
-1.089364353790786416e-01
-2.896941951642977298e-01
9.377878941724422379e-01
-9.154921219000569099e-01
3.691205374753935009e-02
-9.316689226038679106e-01
3.157303261813337869e-01
-3.868579353457264336e-01
3.854066399154834621e-01
6.706701740899124742e-01
3.128694456907680777e-01
-8.327111518511057242e-02
-6.239062695982812157e-01
5.320457738367333489e-01
-1.671611033430588922e-01
-1.215384441719991049e+00
-9.970364328087171213e-01
-4.965669092160827219e-02
-2.362142488892532144e-01
-1.085802401698044095e+00
-1.205410310019861958e-01
-1.881502635072341834e-01
2.745307637431090297e-01
-8.643662594485213013e-01
2.858785515044066083e-01
5.595457763868047496e-02
-1.954722605528737278e-01
2.905707135903552452e-01
3.561546896108136462e-01
-9.064415827083192045e-01
-3.649202202364669745e-01
2.665350704889339895e-01
-5.891629948103989101e-01
-9.657765428425268972e-02
-1.621737129800704169e+00
7.020445833546190562e-01
5.213641329697007998e-02
-1.274024025408551530e+00
-2.368262963439270730e-01
-5.958288382212358902e-01
5.933225712831654564e-01
-4.354531014989954096e-02
-1.310600200255305214e-01
5.620835531754921899e-01
3.100022128070467620e-01
4.480775473572407575e-01
-7.357842796366617089e-01
-4.245841993407603043e-01
6.788188714134258950e-01
-1.887755026936410507e+00
1.735386516404190116e-01
-1.701760122942378717e-01
1.233306571042203981e+00
2.445928740072856877e-01
-4.866435777762222470e-01
5.394425804434122007e-02
-4.801406065783111465e-01
1.241772649710321114e-01
-2.287749525071774426e-01
8.593411301580408113e-01
-1.397600766594278843e-01
1.832528965849155103e-02
2.114085121662464539e-01
-6.903415488722234317e-01
3.208702366996719624e-01
-1.336255693463054506e+00
8.819713039165150148e-01
-1.623275040349586584e+00
4.297072896175034573e-02
-3.612968779985430423e-01
-1.600133040181366262e-01
-1.293077596778577087e-01
2.349673545853758760e-01
-1.218352377516585504e-02
-2.568318340689458856e-01
-2.811222454184096886e-01
5.373788743317194083e-02
5.074417028052222722e-01
5.836247198056895291e-01
1.254901434339189825e-01
-2.016715410900831174e-01
1.953681101269247322e-01
2.597421491588483011e-01
1.358234485927246049e-01
-1.966046182606380865e+00
-1.112682749699961171e+00
-1.153823242534233406e+00
7.074326147737093340e-01
-2.556738076087334277e-01
-6.518497401716281114e-01
-6.402247249634698996e-03
3.587768800331302965e-01
-8.615318447321947126e-02
-4.310881238622504830e-01
-6.026972724612125187e-01
8.524633149565598034e-01
-2.901077758407862306e-01
-4.102179084547012688e-02
2.915290760997206188e-01
-6.290235689699510968e-02
-1.595026847846570672e-01
-3.490312982091234306e-01
2.400801751494767988e-01
7.346268437009591257e-02
3.268554272371241298e-01
-3.360263055818263900e-01
1.624475415551889304e-02
-7.835181762190641663e-01
-2.066328376477653550e-01
3.717754616464517547e-01
-2.297139114306718521e-01
2.321590408902154123e-01
5.548633427241957961e-01
2.789877260485731925e-01
-4.877686569153997231e-01
1.136930994543380757e+00
-1.529043679977261538e+00
1.024360343450147898e-01
-9.687465088441776784e-01
-3.138176782981905166e-01
-3.975498583712351874e-01
3.947584795640639577e-01
1.041022022188608648e-01
1.115185391293262301e-01
-8.459256547809408389e-01
-1.485865633300737232e-01
-6.782258368448127461e-01
4.575870995795461305e-01
-1.170160484644146237e+00
-8.140457192059302738e-01
-3.732321932377534179e-01
-4.162758887003287223e-01
-3.668669330751778701e-01
4.156100617400828034e-01
-6.756114293912145463e-01
-1.966938739900878919e-01
6.537293685551022193e-01
1.078825117030447034e+00
-4.295410113861801715e-01
-8.330890736154523690e-01
-4.326045066741103229e-01
-8.167474342002151166e-01
-1.717020392377287541e-01
-1.068664249052642345e+00
8.475963030223195860e-01
-2.422400218674183037e-01
-2.771929027788566091e-01
-8.877365967328315621e-01
-3.618615906546518990e-01
2.604668859744361242e-01
-7.991294720746668911e-01
-1.850146397951873412e-01
-1.370473063691385607e-01
4.845078166561198607e-01
-2.589796694910352914e-01
2.829168186627282755e-01
-1.053512511894316439e-01
3.669896391305674799e-01
1.094580611743406762e-01
4.711541413147686264e-01
5.257153775487595215e-01
4.030370522259143495e-01
7.950445752210703876e-02
4.447031504456037260e-02
9.950722248528977298e-02
2.514638050372162703e-01
-5.453627312418727335e-01
-1.727571876600325351e-01
-4.135717431569074787e-02
3.773624139066166228e-01
1.944240584855294260e-02
-2.080390813129077976e-01
-1.655229335614278596e-01
-3.963616172511179592e-01
1.130041541867844890e+00
-7.834811341754042147e-01
1.328827902286536355e+00
-9.212150312957186893e-01
9.655119947462251773e-01
-1.092891526703425875e-01
-2.433280545282646423e-01
-3.237495539565883873e-01
2.620834600007450610e-01
-6.822565673090000837e-01
1.537406506578737619e-01
-4.934227110877989486e-01
-6.461597222346400216e-01
-3.634839198332151522e-01
-1.078786379250371297e-01
1.789989018603782012e-01
-2.663940882854983760e-01
-4.431837049032678194e-02
-6.023728637254025658e-02
5.021011644794611817e-01
-1.318863963503086101e+00
-3.565390335838470315e-01
-7.334446358087375328e-01
3.781222735852013406e-01
-3.717564169914948091e-01
-2.713223003503605346e-01
5.095351171535206225e-01
-1.079093397595326659e-01
1.950664680506328519e-01
-8.848683412298401496e-01
-9.763990370050870116e-01
-7.296005528238903581e-01
-5.341624897729729815e-01
1.309042554704055727e-01
-2.349626148004597126e-01
-5.269183860804595859e-02
-3.334987109204610722e-01
-3.623885999206084008e-01
-7.721628292631416146e-01
-4.929537598177929913e-01
-8.172351406337603485e-01
-6.983990811687539046e-02
-5.003477257363961872e-01
-1.067854899327474349e+00
-7.468351391916039361e-02
-1.625870372187820934e-01
-9.236710209651147752e-01
-1.167758176529442027e+00
5.812000052957474461e-01
-6.145097265304719780e-01
6.017033179141424715e-02
-2.979924975809188359e-01
-4.092669495773270105e-01
3.377473767319999487e-01
-1.043760906318710324e-01
1.422291501826862259e-01
5.562066184606938996e-02
-9.107227625400990956e-01
3.461654210378946606e-01
-1.049720026816269303e-01
6.781814871936224336e-03
-4.103544454896130844e-01
-2.130714166384263530e-01
1.969860305016893631e-01
5.955679373622169148e-01
5.011609372512181304e-01
2.366856016191388190e-01
-5.512398881043265586e-01
3.340163269865837337e-01
-1.206237696734036247e+00
2.863619194545405020e-02
-1.177415987403044179e-01
-4.329216821169330487e-01
-2.787843623039729449e-02
-1.716090459469528373e-01
-2.315814770282548785e-01
-4.112131455182521100e-01
-7.904385927080384011e-01
1.425001515936463181e-01
2.040279430895895474e-01
-3.641028326021609196e-01
-3.060937025856429461e-01
-2.950456654333566409e-01
-8.153054431994750939e-02
-5.753088491862528020e-01
-2.097448761331242306e-01
-5.793567470943875586e-01
9.995225016467797555e-03
1.926234740949411550e-01
3.717882454898322475e-01
-2.681394597319770867e-02
-2.760919303446886242e-02
5.604736759535161594e-02
4.866540294150215051e-02
-3.858398662847985494e-01
-3.251651691383011245e-01
-2.966546297687513434e-01
-7.922635328822472678e-01
2.790225180332912558e-01
1.329674129188102683e+00
6.682442104377351866e-01
5.529616427565137160e-01
5.894887396239952837e-01
9.987038764476869890e-01
5.806877628525384250e-01
-3.738422207732080560e-01
-2.208361955019439715e-01
-2.712471925253728267e-01
8.266492174795161407e-01
-2.073760936620412942e-01
2.484366266241838928e-01
3.153231400608283441e-02
3.671174405524296747e-01
1.543023703638277677e-01
4.594491533364851166e-01
2.943513062733312258e-01
-2.975613456639338850e-01
-1.441720806936545429e-03
-6.778370283275159114e-01
6.031336938015634946e-02
8.325893062365934405e-01
2.747614582591156873e-01
3.137863400877365372e-01
-5.916518489776563250e-01
2.665960046147279883e-01
-2.777325238938609456e-02
-1.000546245211782759e-01
-4.389357618453034182e-01
1.495653717667668192e-01
-9.730832864982923158e-02
-5.349817525211849611e-01
-2.170456069575089075e-01
-3.164839789008000448e-01
8.909003174206721332e-02
1.288358110029397541e-01
3.454818655039348235e-02
-2.537321777149567081e-01
-3.261900660774558758e-01
