1.488429171353578218e+00
-1.360424102830676940e+00
-2.802472426673161987e+00
-6.659993804652649674e-01
8.674351377566015542e-02
-2.102227246502775537e-01
1.444331245269644626e+00
4.878652508880488292e-01
-2.090389443143840342e+00
1.081833246594953835e+00
-2.219525663274540817e-01
-4.428259048814246590e+00
-1.633269243170238028e+00
-1.549013493517437633e-02
7.178762448082356418e-01
-2.207292973889990684e+00
-2.721945787179163023e-01
3.918239793002782911e-01
5.661016042898047163e-01
-1.094567048541972065e+00
3.544399738539928624e+00
-5.273627529849935769e-01
-2.410595116246406988e+00
6.001875647511687450e-01
1.815881835888689455e+00
2.528072404086339375e+00
5.945491883616038642e-01
-1.500517017587492896e+00
-3.358577327914121224e-01
-1.864879115737552162e+00
2.912139705855316230e+00
1.148155102447161235e+00
2.454949939277938586e+00
3.086339827629047683e-01
-5.629855948793379694e-01
-4.434812225703422262e-01
-4.849624033759278308e-01
-3.561005034396743651e-01
1.519956332076983531e-02
2.284505929967349247e-01
1.919049745390102757e+00
8.827393245447038295e-01
-2.170682667899537677e+00
-1.597274440996240719e+00
-9.465187724386874280e-01
-3.741762683358957897e-01
2.487677553786477869e-01
1.858088346667167601e+00
1.961471942858482809e+00
1.386037499823731811e-01
4.216233898899202082e-01
-2.675071144784671340e+00
1.082333439071680115e+00
1.836757820655164353e-01
1.164240572869133183e+00
2.279134926116249127e-01
1.975341396612761979e+00
-5.400582465270042931e-01
-4.223423162766834493e-01
7.245504249321966794e-01
-4.152211980283342929e-01
-9.255652518540963269e-01
4.961960080952114716e-01
-2.020973341519230360e+00
9.503918194334062264e-01
6.734230718497887791e-01
-2.359665088428461455e-01
-2.456068096572401604e-01
1.148238025946011209e+00
2.461329582413383787e-01
-1.100657483156933347e+00
1.113934070310197866e+00
-6.786906924616682435e-01
7.058558074153084005e-01
1.188920785561756510e+00
8.491200514630447005e-01
-6.511037009760584082e-01
-1.070929973509017641e+00
-5.187458659067381017e-01
2.376098652623279961e-01
8.133254043844104220e-02
-1.110788367992446402e+00
8.378816653837265482e-01
-4.626082866195625060e-02
-1.956157522289413642e+00
1.242221814620604770e+00
1.368439888541237215e+00
9.415708114860937838e-01
-5.670107695749789789e-01
5.613987918153339196e-01
-1.065217039839975843e+00
-6.006019782879676860e-01
-3.114853462072270096e-01
2.183657243014966109e+00
-2.343616024627476480e-01
8.562450913214237833e-03
-9.430597325449096013e-01
5.139523635270744073e-01
1.043325389685857973e-01
-9.538277214595513032e-01
-2.105278272856389299e-01
2.256408897764320187e+00
-1.843090526884104130e-01
6.406730792442655309e-01
-3.245729849302925185e+00
-2.852937242438928322e+00
1.092571517962243721e+00
2.123139497000669784e-01
-3.736854643393774933e-01
-3.894826615494589306e-01
-6.525256189256031236e-01
-2.750482378559868657e+00
1.871002338540190321e-03
-3.038213473894586070e+00
-2.043878660559688587e+00
7.944077487132028548e-01
2.775452904950474475e-01
-1.090413303814293355e+00
4.194900473251136908e-01
4.088376066194012171e-01
7.845353328536134319e-01
4.992096441152744091e-01
-3.237403358874468839e-01
4.312508846986420896e-01
1.814717108451901484e-01
-6.662783508921105158e-01
1.185069085236863273e+00
-2.130282546416649492e+00
1.209567688796263418e+00
8.641417145721791426e-02
-1.095002369861072689e+00
-6.544777670763138322e-02
-3.170746686510773626e-01
-3.736543612613209664e+00
3.680881396642736725e-01
-2.420921113551452120e+00
1.555757222872059808e-01
1.074894310809023229e-01
-1.139482236856049546e+00
-9.410968049180798989e-01
8.724126877073884456e-01
5.786149844867739533e-01
-4.435058139820936773e+00
3.838881884774858477e-01
1.216788901945888401e+00
-1.729339200027961265e+00
-1.806481256000610935e+00
-1.055343755568434405e+00
-1.354914065529887468e-01
1.134747157546444729e+00
9.083847831977646115e-01
2.202722168592149421e-01
-2.481551613468362838e+00
-1.618030341103273706e-01
-2.679203511055896936e+00
-1.011321309936324964e+00
-2.171415866257689065e-01
8.748587564994848853e-02
-4.020091984671523844e-01
-4.012731864348568767e-01
-8.702139270907368607e-01
7.752591120123625279e-01
4.483451223462815716e-02
-4.575395755256057573e-01
2.279983118501154316e+00
-1.072491166500286308e+00
-5.307812600749413079e-01
-4.985916091964697761e-01
-1.003915296062180829e-01
4.112301701600594717e-01
-1.525965598800508083e+00
-1.760796881335220165e+00
-5.153546819376150223e-01
5.201350735757552801e-01
-2.481201467653237069e-01
-5.499565670310752052e-01
-2.891047715216091274e-01
2.039583321084048162e+00
-1.761215314473046356e-01
-1.196530115218559648e-01
-7.837369338156247034e-01
-4.593986013843311400e-01
1.557895751199751266e-01
7.153863716618972246e-01
5.530755020151795209e-01
-9.790269360823125600e-02
-7.523544305934654064e-02
6.979517660832771364e-01
-2.297253293125984530e-01
-3.005772873477435270e-01
-2.704546430927259881e-01
1.404820610868468878e+00
-3.700598037911566607e-01
-3.265935076421817573e-01
2.516311045163467930e-01
-4.869582808492814996e-01
-8.570164257592336465e-01
-2.134438480252942028e-01
4.010751586303655247e-01
-1.445859515225036696e-01
