-2.916186540494448476e+00
-3.640367218522018167e+00
-9.396858891499086930e-01
-2.950387470152974201e-01
5.062895394718937014e-01
-1.259006425038529997e+00
4.681308294822048716e-02
3.961842219348905569e-01
1.429492797739845833e-01
3.300553418410182710e-02
-6.839512564543472894e-01
-3.459635828026612181e+00
1.232920293654979682e+00
6.359699962452658450e-02
4.126707368919141916e-01
-9.219425745933838845e-02
7.825673938297536547e-02
4.078839681296443920e-01
-1.086560311103714982e+00
6.913887780051554133e-01
-3.817501347769430287e-01
-1.280982348977977248e+00
-1.551817868959427749e+00
-9.810544111337848872e-01
-1.448597861367611372e+00
-2.602961043996587343e+00
3.804511752671281277e-01
4.089833617715642466e-01
-1.096184194969028747e-01
-2.315933904213011985e-01
-2.573705364502255066e-01
-1.642008423509385695e+00
-1.632666895865999335e+00
-1.779364591665389295e+00
1.078657609312114296e+00
-1.673956122452953332e+00
-5.220515591370692432e-01
-1.011469625378433879e+00
-4.258831596483934612e-01
-1.160922105297788054e+00
1.918408980431743460e+00
-2.049699532279932512e+00
-7.164404127294569102e-01
1.792419841226851274e+00
4.424773787149124948e-01
3.542334727035602593e-01
-4.943599867261868064e-01
-1.189230270265249079e+00
-2.277849695874332447e-01
-8.101372642756994313e-01
2.285620869307124214e-01
-1.756992158528836168e+00
4.947122517834385835e-01
-7.851766761591282007e-02
4.574918643961369824e-01
3.494461534842801864e+00
4.029230919243944609e-01
-7.731254596350024821e-02
6.595019618503004111e-01
-4.758702453326274506e-01
-8.675416316898014735e-01
-4.948653742991592774e-01
9.416203905056839962e-02
4.051798224502990015e-02
2.970549835711194797e-01
4.315307076402474240e-01
-1.196657706375054309e+00
-3.922232563026059049e-01
4.026900220645672213e-01
-1.202152986695321710e-02
2.351959438025622018e-01
7.661082474527397546e-01
-3.503558614920727066e-01
-1.441230112855771850e+00
3.543363098980186615e-02
-7.561536970822161363e-01
4.367015405267103412e-01
-8.786806297970964907e-01
5.193612236506042201e-01
-1.279273530282736548e-01
3.442419623006190976e-01
2.221357316041686764e-02
-1.961335399683831748e-01
-1.187690359795394945e+00
-1.318150645328472759e-01
-4.048925955340583749e-01
-2.743162545324311918e-01
2.768152841301532718e-01
5.655649110794567225e-01
7.575850536504488142e-01
-3.896009891933873148e-01
-2.484650313517337006e-01
-2.115780719580770686e-01
2.581398282303815073e-01
-4.483552509274640885e-01
-1.405429676172902653e-01
-5.889167101872576637e-01
-9.123868760366365960e-02
5.589294991815182273e-02
-1.726707584928580397e-01
-2.242273209226579578e+00
1.386593783580418286e-02
4.417137525500334783e-01
-1.072617007118570193e-01
1.556818565052334069e+00
3.035692432812026054e-02
-4.582256097471028022e-01
5.727468784963891668e-01
-6.664335769913704022e-01
2.861640631364869569e-01
-1.124176569628867250e+00
-9.366797605612869893e-01
-2.240106031395200592e+00
-1.277900135841152640e-01
-1.206524583427561970e+00
-1.174447668518778798e+00
-6.539234304649420570e-01
-2.560237879472829770e-01
9.663816747697619169e-02
-3.197553568147949027e-02
-2.030016491936295076e+00
-2.519947808533525291e-01
-6.747993543774355452e-01
-1.094749939110317039e+00
-1.624989365967901112e+00
-8.692599792277313497e-01
-2.278617402139007098e+00
-7.230515188187420783e-01
2.618596187738677084e-01
9.930413157044105654e-01
-8.470153906251035592e-01
5.078753936606410502e-01
-1.487583284045561394e+00
-1.235789009666521165e+00
5.383100657139097134e-01
8.463815068678202103e-01
-1.820706997898343393e-01
-1.290998422697724468e+00
9.633529279515968824e-01
-5.891198234305644599e-02
-1.913354339002132365e+00
-3.092528758377548481e+00
-3.657383028051094942e-01
-1.789466522578442520e+00
-6.240171198822874743e-01
8.682149768676055146e-01
5.223644300152978648e-01
-9.351550860274215893e-01
4.296076674995204514e-01
4.124072088150027571e-01
-1.749420477041214950e+00
9.419178116274324886e-01
3.866741424738832089e-01
-4.730409105012178816e-01
-8.373532129256312517e-01
1.691408428277497711e+00
7.448565024818288860e-01
-1.462105513328733064e+00
-8.481389782392220189e-01
-7.726679043212295595e-01
-1.362526030726703308e+00
-1.116361273087369099e+00
1.701603079761138559e+00
9.440877471389497178e-02
-7.037432093910277464e-01
7.361012631132677342e-01
2.213922992010195767e-01
-4.422850703112451431e-01
3.248087366958396505e-01
-1.335281946755019877e+00
-5.218559290523818728e-01
5.310253151242111391e-01
3.174582979894396972e-01
8.268009735173414976e-01
-5.500669755578554421e-01
4.504767425089956090e-01
-4.346063696603637561e-01
1.284417298806150298e-01
-7.445741820026805513e-01
2.074712567958297005e-01
-9.558215487931951415e-01
-3.415880316491890500e-01
1.403422646126231133e+00
6.090428083674440662e-01
-2.108526337011769336e-01
9.033533101238763185e-01
4.833711183446456339e-01
1.646406389719973218e-01
1.450825267271375896e-01
-1.734333636646196442e-01
2.683686817394677071e-01
1.013084263955723374e+00
-6.123049146601902137e-01
-8.029350781384624524e-04
-7.260857022152010509e-02
-2.564240628900513186e-01
-9.862517102516982215e-01
3.301129158568561484e-01
-3.188411553649606600e-01
-4.960662255809549642e-02
-7.276386865113794455e-02
2.698782155515575543e+00
4.285496326033279013e-01
6.750596886345725522e-01
4.904708802492404041e-01
6.089146111092625518e-02
4.588355937679620133e-01
-7.475449382299297341e-01
-4.732412207487141087e-01
-5.301429860379382880e-02
-2.086022852221786295e+00
-2.692014631081495413e+00
9.990394381975016280e-01
-4.162182059308484061e-01
-1.435624357340871349e+00
1.215155220649331458e+00
4.815592292704418131e-01
-1.282471769055672395e+00
-1.136246876280120471e-01
-4.056554185562326609e-01
1.378313048720688216e-01
1.303902889240207807e+00
-5.487034875499013920e-01
-1.896990331620821202e+00
-2.887284133111177820e+00
-9.363487920688697841e-01
-3.576626400754573387e-02
4.814497336915405379e-01
-4.150071761000132531e-01
-3.929392059708355922e-01
1.501863522000822737e+00
-2.586241382445794712e-01
-1.077959009954519098e+00
-3.277560903305316131e+00
1.047975277738324662e+00
1.142292484248846440e+00
-3.737978015242286040e-02
8.356570033341229609e-01
-3.031923330639815090e-02
-8.247504508660878642e-02
1.601383540325971966e+00
-4.495219788984179954e-01
-1.970686840299115783e+00
-3.882666049826664079e-01
-2.070271528561059782e+00
-4.125778076658700999e-01
-5.408017219279115384e-02
7.055957531050320863e-01
4.713452365417951373e-02
-2.191200139530266322e-01
-1.023594353662442336e+00
-1.285777250915936643e+00
-2.198549127512752221e+00
-1.941351723374830973e+00
-1.704938342725596856e+00
4.311918047622209649e-01
-2.121288416780300889e-01
3.367339444247442470e-01
-1.896692988114269118e-01
1.038486041571783265e-02
9.559826901622062167e-04
-1.286899876099245887e-01
5.473780940754739976e-01
4.827688359360987058e-01
-6.525783728266509875e-01
-4.280200521174002959e-01
-1.080528185447063194e+00
-2.182821252197777728e-01
6.232007013778722015e-01
-2.024206151739300630e-01
-6.709126070824864563e-01
-6.186624119754950968e-01
5.770762420370619816e-01
1.533033332404198645e-01
-4.035022785317038396e-01
7.217453789451270252e-01
-3.026166694562393844e-01
-1.789072622296013160e+00
-5.362138308408805898e-01
4.056335602326072709e-01
8.539470131856045088e-01
-2.689782509178010872e-01
-6.866612333263084622e-01
-1.195664475460341269e-01
4.834190285367775397e-01
-4.672588437288082708e-01
5.144620126530107251e-01
-6.269587438974565108e-02
5.522043969644295780e-01
1.367883294380870085e+00
1.739169479266501617e-01
-3.852866690866568189e-01
-4.996352951810859033e-01
-4.334724589965181507e-01
-2.846873065362410249e-01
-5.554969412384853644e-01
-7.839851829139469208e-01
-3.164065155050400646e-01
8.463434054658356409e-01
-3.626204601964633234e-01
-3.346775369070324135e+00
1.051287225828439587e+00
6.177311755360097578e-01
1.155359657444462451e+00
3.477488022202920304e-01
-2.475897480194683808e+00
-4.923561166248511395e-02
8.417846048770500911e-01
-7.660228406914368904e-01
6.467159657684683205e-02
-3.413575333586033267e+00
-2.207057491673229954e+00
-1.585114587764955063e+00
2.562911707309810105e-01
-1.510384493406576656e+00
-1.716604498777293042e+00
-1.139745168661692842e+00
1.595314834660747083e-01
5.282986225337112929e-01
1.020413156701971191e+00
9.300120126978890234e-01
3.196836706746003287e+00
2.771360286756872071e+00
5.132637686681899014e-01
1.658332219523191431e-01
-9.204943105888130361e-01
-2.921421634495017239e-01
-8.533802364048084232e-01
-1.837341682680453392e-01
-6.160435060397467105e-02
7.345802207335297984e-01
-1.121840031204114574e+00
-1.970148135362255193e-01
-2.966722640510289111e+00
1.676044219876724695e+00
-7.048878697369526103e-01
3.259922871180550435e-02
-2.580969790799785349e-02
-5.488329596686545298e-01
8.516927507173026601e-01
2.481165149173692464e-01
-9.457297068729765277e-01
4.427921678293499363e-01
-2.022024891515343259e-01
-5.956082645802242004e-01
-1.739781310724904051e+00
8.273261810664976901e-01
-1.782192105464373288e-01
-4.186513707703441722e-02
-1.274755552746168197e-01
-2.018628005960288796e+00
8.986148701325048505e-01
-7.609720509881043315e-02
1.068960038063498708e+00
-3.328188558959331855e-01
-6.799777268598354851e-01
-1.143756209278527614e+00
2.304455112867598299e-01
-5.129085766365519827e-01
7.530609243247352591e-01
1.271869167706436654e+00
-7.950723206942494903e-01
2.622210691840259345e-01
-9.807025478366508953e-01
-7.717975801911202138e-01
-2.294568871579461433e+00
-7.242958193435177217e-01
-5.213062561409429474e-01
4.293776271214231333e-01
-1.020523306644717687e+00
4.716117543419652280e-01
1.429141474082555874e-01
-1.044626055318945479e+00
-1.562944197681662428e-01
-1.087765218223496921e+00
7.309677999453687569e-01
2.222502444092623597e-01
-1.524872043962137713e+00
-2.958107432707952067e-01
-2.456021431578803496e-02
-5.494625051994152937e-02
-4.440142082840211613e-01
2.582106181288276181e-01
1.204178804556959026e+00
3.986287964586869292e-01
7.801676597988506101e-01
1.271959673116162870e+00
1.499215141010037666e-01
9.334051540412457992e-01
7.315605790049241053e-01
-3.360410373467658252e-01
-1.875199206103408123e-01
2.559956269105903015e-01
-4.959107878963690541e-01
-6.103510320275157275e-01
-5.438431771439086043e-02
2.132136402593088828e-02
3.732601160754507319e-01
4.465702794563161659e-01
-2.832173472772426259e-01
-9.482251396020211498e-01
-1.828328257388494249e+00
1.306870742139852437e+00
1.727232577988778717e+00
-1.070328522541719396e+00
-3.156896407342280608e-01
-9.421629846742233250e-01
8.106571315613635420e-01
6.702371933404222340e-03
-2.110066505266807724e-01
3.464556895584489093e-01
-1.276271032197117405e-01
5.461013555465523694e-01
-4.522374550163030249e-02
-1.117533147149213146e+00
-1.210919158295226117e+00
-1.110137823520103595e+00
-3.057533341243698355e-01
-1.154694242355315537e-01
9.400540477806367257e-01
2.808386005273967867e-01
-3.608057848634798614e-01
1.067281583310718540e+00
3.508394521789782172e-01
-2.797052809292086550e+00
-8.432547725889265600e-01
-1.130608826554652779e+00
9.855158316632488258e-02
2.956628939666127928e-02
1.795159218245186150e-01
-3.197129507085327838e+00
-3.439196851295550084e-01
-2.842313047514452240e+00
-8.908685370618701915e-01
-2.469576465802100884e+00
-2.256283671065443031e+00
1.266339286047519774e+00
6.979715066125059542e-01
-4.922684440089089009e-01
-4.168678713386680945e-01
-3.636863193138130113e-01
-1.153470206030150269e+00
-1.066949418673826949e-01
1.691251329691478622e+00
-1.676870242685239765e+00
6.142649233692996091e-01
1.865538199915570683e+00
-7.030301924968038740e-01
-2.893457735077915524e-02
-3.171827134009982951e-02
-1.253701685270102173e+00
-1.466444059187021143e+00
-3.860287259688741091e-01
-4.183224805477478436e-01
-3.169454398870261258e+00
3.566324667094045719e-01
-4.152051373484793029e-01
-6.679083957905298519e-01
-8.632543938763239666e-01
-6.808773003400018231e-01
-1.644287015536580743e-01
1.532021790994370081e-01
-1.222384035239617583e+00
3.819249434880069294e-01
1.021701064604584541e+00
-6.403646793094465162e-01
2.517496617224877498e-01
-1.480630053611786956e-01
4.264241270619842372e-01
-3.091931886246632177e-01
-1.691994263026238787e+00
-9.884700444679198617e-01
-4.158594269390590570e-02
-7.998095188241441944e-01
5.441997906179465438e-01
6.063653891732211365e-01
-3.109609123189530644e-01
4.912262803853356674e-01
-9.221717177404409327e-02
-7.032329577187076408e-01
-1.481403476806858466e-01
4.663865253203213768e-01
4.523936581741870577e-02
-4.329910841311511160e-01
-4.390962117992462388e-01
-5.245946666428568106e-01
-4.906050000945519352e-01
6.463634893586030217e-02
1.930789230726049355e-01
-5.071681201486571977e-01
2.485228958339543714e-01
3.436278381624241485e-01
-1.886091993113228893e-01
-1.405538241967905222e+00
1.349238983927368019e-01
2.594460389443014048e-01
-7.658883278586930965e-01
3.204934417002808789e-01
-9.865615381187264887e-01
2.470846928455645852e-01
1.379995264768088425e+00
-1.370067115501704791e+00
1.932282690450285167e-01
-2.458742602226794638e+00
6.779813507267997696e-01
-1.614116780990090261e+00
-1.351605406523042952e+00
-1.670048418083722286e+00
-2.568443340746636161e-01
7.927773766394607957e-02
3.000310123544660534e-01
-7.283703183190168851e-01
2.811134036547355386e+00
-4.311018229770663956e-01
1.950593465365138834e-01
1.110299297000425511e+00
-1.149553879490321950e+00
1.328367997910999243e+00
-9.247740658152238113e-01
-2.443019660639983992e-01
-6.093176255278115114e-03
1.118187910965520171e+00
-4.849196489913934482e-01
-1.665971136700076238e+00
-8.157138085429975760e-01
-2.163295085721609556e+00
1.738255503529216428e+00
2.206601679625872781e-01
-2.294990616569692332e-01
8.917320345167328854e-02
-7.382608021767992357e-01
-1.512505088074320436e-01
9.468186960602822388e-01
-2.331311612636606245e+00
-2.648243979505943702e-01
-1.685828335693921598e-01
1.618779145753886262e+00
-4.619973892918856628e-01
1.205253936571095696e+00
-6.751113563833635034e-01
-6.537594004561277927e-01
-1.744874687410486125e+00
-2.686267581806218274e+00
-2.136293922002460377e+00
-1.158621869571732521e+00
-2.470091199899135503e+00
-4.845171455741686950e-01
2.540187227524057234e-01
-7.615641312846258559e-01
-6.518175930894324344e-01
1.131971748418699741e+00
-5.292603923859314774e-01
-5.247735141550423643e-01
-1.997019877390145082e+00
-7.340306432221952448e-01
1.399876651255003601e+00
-1.052515594546388211e+00
1.113808532140910801e+00
9.889415725572768823e-01
-4.066661670113111970e-01
6.313065973603015912e-02
8.297997540740769118e-01
-7.181197352339384610e-01
-9.057243059626615134e-01
1.892855887032731665e+00
1.645074914357019802e+00
8.907671202337819061e-01
4.909213008982590831e-02
1.054041566906942062e+00
1.434736481208388037e+00
-8.888056093046184936e-01
-1.149527293573242126e+00
4.812951372163866703e-01
-4.552803910213537586e-01
4.316103127254583005e-01
-1.169903071646739345e+00
-1.359575723665139013e-01
-1.174157438383910540e-01
3.856051708537977518e-01
-7.557594973906947011e-01
-9.041963603455484000e-01
2.343939878218218031e-01
9.612991609577919982e-01
-7.941402467262174136e-01
-5.033489957754423427e-01
6.585406430141486078e-01
-1.207256311461794240e+00
4.550739746147027809e-01
-4.687747763851290439e-01
6.842332543701188374e-01
-1.604079137695103019e-01
-5.705977952953267263e-02
-1.073444448761710746e+00
4.300198430848015119e-01
-4.327664599784397104e-01
-6.093262244342271261e-01
-1.082441613658229995e+00
-4.502835500895822074e-01
7.135121022240495381e-02
-1.596541570025002688e-01
-8.030568321146657196e-01
7.440341351167404360e-01
-2.824377424870314068e-01
-2.180709794070021523e-01
1.180835899307220854e-01
7.715578132616712770e-02
9.413013315753221422e-01
-3.557925515106170611e-01
6.198008402664850758e-01
3.843821490591195489e-01
2.898110280396142713e+00
-1.406842120335175084e+00
-4.028742347324693607e-01
2.184092951589386100e+00
7.592722319771808559e-01
-5.358191812694200751e-01
-4.587144291090614612e-01
2.915433607575446118e-01
1.108947333477495523e+00
1.076540596629844693e+00
-6.467478444988749020e-01
-1.249226251667010651e-01
2.589330260202972744e-01
-1.967618474825525710e-01
-8.427091500053418560e-01
3.656972152096747419e-01
-5.343890759650403721e-01
1.537847077071431978e-01
-1.105878482294123250e-01
9.952034179884436949e-01
3.468171520491272752e-01
-9.437853093211730215e-02
-1.013210664191999344e+00
-2.492654562763068488e-02
-2.967655035664444885e-01
4.971418916877715644e-01
3.295600022893475090e-01
-6.380684469895662493e-03
-1.063185930170647442e+00
7.890715903089451366e-01
2.015674743897161392e+00
-1.287463880534501781e+00
4.798548505915072870e-01
-2.644887998630696568e+00
9.711176489992652261e-01
-1.263192851111677451e-01
-5.100889791953784336e-01
-1.902295500581265286e-01
-8.879556443966400980e-01
1.419538050092111980e+00
-2.688280118442922806e-01
-8.434228819962306112e-01
-6.649310414876231923e-02
4.496029701149872881e-01
-5.771860638254496800e-01
-9.740570704996419360e-03
9.975719678738096396e-01
-3.315970272951042075e-01
5.535564743011314182e-01
3.827647210415714984e-01
3.283096290367911174e-01
8.835443095933963320e-02
5.629983037162908932e-01
-2.783177817270154342e-01
-4.983984335850558112e-01
-4.817180534857595231e-01
-7.241670619916485974e-01
-5.908922434817852620e-01
-1.268866242104765174e+00
-1.207575958090182679e-02
3.537001304557403358e-01
1.567384283563597880e-01
3.966978667613307308e-01
-4.366851331375169454e-01
1.623770427878426237e-01
-2.441730367651194222e-01
-9.603111606911576281e-01
-3.196893893962003963e-01
9.646515597961248523e-02
-1.184225358028285352e-01
4.954943090247202475e-01
1.692464427083283651e-01
6.037176210376918872e-01
-1.333782648604688210e-02
9.593396254987123228e-01
9.630493468544493174e-01
8.147517150755181348e-01
-7.727146727774611423e-02
5.236448410125553732e-01
-8.157445313392920616e-02
5.225777056768882156e-01
-6.005280641755796900e-01
-3.251029941193306350e-01
-4.309538798588528619e-01
3.186894313177092430e-02
-1.109716090905176644e+00
-6.532100453188077749e-01
4.281926626070616249e-01
-7.199528151397575904e-02
-9.961225745454786729e-02
1.022646635444284469e+00
-6.340428174711223441e-01
-9.673267265375734558e-02
-3.610805716975751811e-01
7.812083821233558635e-03
-2.207292354986053473e-01
-6.068096946236415379e-01
-1.813690038969719476e+00
-2.454087853326201996e-01
-2.055669414024681174e-01
6.681294955925400902e-01
-1.657552849132203077e-02
-2.911644648619202136e-01
-9.458998638573062889e-01
-1.982598296270166038e+00
4.778622821229814299e-01
-3.457705300871957710e-01
2.448999024566430871e-01
-8.668035183304671765e-02
4.906506793387906962e-01
-5.118526341853202322e-01
-1.217626807897971064e+00
-6.652236445137816867e-01
-2.878423317739206011e-01
4.508781108238236190e-01
-1.914593230638351462e-01
-3.971157500795939599e-02
-4.331915487353933947e-01
-5.254410093516410640e-01
-2.338304491013471487e-01
1.206048203406995922e+00
-7.396024760160607725e-01
-8.305342318022340686e-01
2.315157185108658866e-01
-4.078681980176340760e-01
-2.372458441697659903e-01
-1.875000290280482915e-02
7.340289009505400752e-01
-3.079725495066104046e-01
5.791374899134991150e-01
6.980843673176494180e-02
3.092229069863673407e-01
3.143851257490924977e-01
9.828372029727690945e-04
1.091199480729335258e+00
-6.665275963048499230e-01
-4.066742654471331986e-01
-7.979219677281121914e-01
-1.760407547166527864e-01
-2.974816550545393845e-01
-1.435370657565201657e+00
3.755046491480484305e-01
1.215510108997930772e+00
1.273402251983218880e+00
-1.289525759441163544e+00
2.951262489226467722e-01
-2.851091345219454176e-01
-1.278956273529796128e+00
3.007514333863552380e-01
3.813446455616840702e-01
3.042882919813549858e-01
-7.410910559452779656e-02
7.502695320435890380e-01
1.347880471756548737e-01
-6.395311135334321717e-01
1.497103368707964621e-01
2.512537362693661458e-01
1.592937124877887578e-01
-4.448583355737330963e-02
-1.980194462077005668e-01
-1.194272056047363639e+00
3.647483311171839104e-01
-1.621820695589212047e+00
4.519560280313828504e-01
-4.491408529314557252e-01
-8.812972531326731529e-01
1.956972077521621778e-01
-5.373563386009653220e-01
2.295673467368888332e-01
5.317904086509481765e-01
6.428072421079691345e-01
-5.705999311663469964e-01
-1.380471810825248946e-01
-3.592251133140049197e-03
3.577486232166684488e-01
3.100021003495156968e-03
2.419037092370895092e-01
-4.598236116279263985e-01
5.704983428858794170e-01
-3.407833383983004394e-01
2.435820167730745889e-01
-5.459073583230558135e-01
-2.812397979821921329e-02
-4.265322454398651209e-01
2.661308956367229583e-02
-2.263903616435970489e-01
-3.068366985406140168e-02
1.843113007562228178e-01
-1.094964115926431725e-01
1.996639969393028402e-01
1.899637234119613827e-01
-6.724857209245133083e-01
1.013247163369105502e-01
-4.657043483407725670e-01
5.281323229496928118e-01
-5.881516236682022836e-01
2.478322149711458533e-01
2.907884561277052776e-02
-1.062894275211333506e+00
1.424280409901450772e+00
-4.713834547721351687e-01
3.383027274995431544e-01
-1.465396490250813422e+00
5.209334142221851982e-01
2.093716962572461093e-01
1.191079781393186821e+00
2.714450958460650210e-01
-8.002991018120807487e-01
-5.787029854604314183e-01
2.532270851394224920e-01
-1.226088414015109596e+00
5.007646245500337878e-01
3.476898903806919794e-01
6.420654510747003663e-01
-6.524987674187131548e-01
-4.908240324768197160e-01
1.132059016498220494e+00
-5.481505060295336351e-01
-3.484893930010800056e-01
3.358795152598316736e-01
3.758051089254341726e-01
-9.387871803077785238e-01
4.724968541003169986e-01
3.027298558715387222e-01
-2.315727251198129999e-01
9.092073908304675392e-03
3.408610511939915155e-01
4.997575696380474053e-01
2.425388315951104434e-01
-9.702564715887512792e-01
8.275465804336377962e-02
3.886144376944586920e-01
3.028857318813052979e-01
-8.303535883070140011e-02
-8.694046698568955178e-02
-8.042571550554514781e-01
1.359226877118480337e+00
-7.320203317422349643e-02
1.614890086248215242e-02
-9.455152213149191354e-02
-1.698984330065436421e-01
-3.048018856906099527e-01
-6.600850152816386540e-01
-3.565387296771291847e-01
1.361448849363973423e-01
3.180083333186248806e-01
-3.152944752211401386e-02
-3.198099343937223504e-01
-1.036116426802963231e+00
8.550544402766339092e-01
-1.794693869643502193e+00
8.007805148077444535e-02
-1.287006354295572863e-01
4.013154764202270242e-01
-9.965924971869047910e-01
2.059932462757236016e-01
1.160374374958771826e+00
1.620523236402518774e-01
5.144092614733802860e-01
-4.067780785675927935e-01
-1.595698476812928979e-01
-5.466197169427434305e-02
-5.654338226509120213e-02
-3.289605014146926854e-01
-1.310037840999693504e-01
-7.913481925323349042e-01
1.360795049997668427e-01
5.622896689813365600e-02
-3.218761728398842892e-01
-1.605192934675852834e-01
-1.171335740825290156e-01
1.294916484165129222e-01
3.533945719314042777e-01
-2.297581418558378719e-01
3.376584316987754630e-01
-2.712743149555660316e-02
-1.536680735894294103e-01
4.790301080048058047e-02
-4.808471193407378164e-01
6.285679812616187800e-02
-1.242053651622002791e-01
-3.817586957203172315e-01
-9.500144310030562700e-01
-7.282340280016941225e-01
-5.938514646439493339e-01
-3.305795888089408940e-01
2.587185929581446442e-01
-1.293097235164552550e-01
-2.930575645517262684e-01
-1.684575045810878524e-01
7.640215263020524450e-01
2.662578679643193280e-01
-1.746323384531682787e-01
-1.243751996114779088e-02
1.765117145508268981e-01
-2.616047951339714461e-01
-7.299736566771135304e-02
1.597138633698784171e-01
-1.186409487085407832e+00
-4.108361686468777751e-01
4.077007425317772868e-03
2.105960964672280444e-01
-4.283594687735727824e-01
2.620199179852732430e-01
5.369249962164776013e-01
4.228843716632261218e-01
-1.610260179263980129e+00
3.863905752024902607e-01
3.539682860906523398e-02
4.545241163388548666e-01
-5.258914712356870247e-01
-1.001431031589915088e+00
8.515672121906590897e-02
1.676306764975342700e-01
-5.725583997601912944e-01
3.900748995040562161e-01
-1.997909739094190784e-01
5.710190573360162114e-01
-1.186540041592430983e+00
-4.320665073847105853e-01
6.423990910374666186e-01
-5.015571831076572062e-02
-1.485628531885632597e+00
-3.243552762361953667e-02
4.054333282460609866e-01
7.446674595646346484e-01
1.707141772246888733e-01
-7.944110011676294159e-01
9.834586061263725365e-02
6.134417185031992847e-01
-5.870262976269044475e-02
6.676330240222345946e-02
-3.327367446926254857e-01
-2.869065476956577862e-02
-1.610845250876595525e-01
-4.125090123290525018e-02
6.745413951287044796e-01
-6.793266769149365336e-01
-1.049371385383975452e+00
-1.426781287267223919e-01
3.610602219164437687e-01
8.569483952008706551e-02
-1.334073548120555397e-01
-2.920570567872301515e-01
2.170268581055101453e-01
-1.834379539661485925e-01
-4.397176189215553643e-01
2.859284157743718358e-01
-6.965684787248154208e-01
-2.479897560920071020e-01
6.964227247655255804e-01
-9.700940276898987191e-01
-2.735050689967619686e-01
-9.969566511904496275e-01
-3.373735713368416489e-01
-7.018475888028898879e-01
-4.148650557524913851e-01
-6.784162556472510264e-02
-1.744588181384782444e-01
-2.568535826573494982e-02
3.026878851151659222e-01
1.306295020424400599e-01
-3.945167499205457645e-02
-2.723401019929559339e-02
2.882149663377455706e-01
-8.688459417961968967e-01
-4.669519633962438965e-01
2.728021488061684319e-01
1.482376383717646517e-01
1.436052913396055619e-01
-1.152127297320278743e+00
5.038236538956758492e-01
-8.007558468758793069e-01
-9.982217453058059298e-02
-6.131047739780551842e-01
-7.420389130124707133e-01
7.101217965254884579e-01
1.081157297671091894e-01
8.736159906091515992e-02
-2.726566664288080418e-03
6.306605906831379560e-01
6.661016593378687838e-03
-9.826882276544797457e-02
-1.757365961065530668e-01
3.501207775205253947e-01
1.239706685440373074e-01
-1.744754906116894322e-01
4.537908444936090968e-02
-8.173801793913571673e-03
-2.603671107264972084e-01
