-2.979667462111545428e-01
-1.001269195824392444e+00
5.932860079775179596e-01
-3.237126043119123331e+00
3.315266958439317069e+00
-4.106852822908900080e+00
4.621994666032657739e-01
-1.061968125234815874e+00
6.591236400266998752e-01
5.666791323249084078e-01
-1.718628412499585201e+00
-5.145710430913146283e-01
-2.679548591400918944e+00
-2.131361759635618469e+00
-5.489195559617995324e-01
1.227674016115669842e+00
-5.238741521334838724e-01
-5.702553041447329107e-01
-7.452863464747709887e-01
-9.437709299636453109e-01
-4.771694163221555485e+00
-1.766017176099904162e+00
1.289918507428326588e+00
-4.958187061756995639e-01
-6.540191200137336347e-01
-9.374614583904828935e-01
-1.374212818168772721e+00
4.413241324924673248e-01
-4.143490761510941200e-01
-2.273661716186757206e-02
-9.156438524447969851e-02
-1.922228515050251385e+00
-6.765836742679391946e-01
-2.653987537877304348e+00
-1.690540535357348162e+00
1.011959146792371422e+00
1.235886954678759864e+00
-4.128916628796269750e-01
3.550128754796147423e-01
5.669190736183138402e-01
-1.971853570340604600e+00
1.085815396755140494e+00
-1.257718283783899160e+00
1.078466646966439235e+00
2.181806342749612049e-01
-5.067232676665380797e-01
-2.429467351376683570e+00
-1.179569309161898172e+00
9.974715752340447550e-02
2.016152051572203674e-01
3.315977578658930308e-02
-1.878779555992912798e+00
1.878090430614793860e+00
-1.942489311507824279e-01
-8.028098389892469600e-01
5.340387338377203807e-01
-2.212113358986810274e-01
-2.087054852033921382e+00
6.753751771760168054e-01
-1.288793780009505618e-01
-3.535887841124144559e-01
-8.783247421519633225e-01
7.132827778856181133e-01
1.382248056434260686e-01
-9.359935197893215486e-01
2.226742558970333352e+00
-1.539426388103468379e-01
-5.933295089512609088e-01
-7.588170024053435547e-01
-1.086737011538076558e+00
-3.547298723815205806e-02
-1.266176389921287004e+00
-1.094494736212586083e+00
1.300314536065564353e-01
-1.445345499589645311e+00
-1.368609771616871251e+00
5.269194012555871165e-01
2.528810234698472659e+00
-5.548157445244796815e-01
8.979557149781722258e-02
-2.772445024539195724e-01
6.600154603973701350e-01
2.081062219688212811e-01
-6.916954331618061502e-01
4.751687011111275227e-01
-1.052400305419342486e+00
-6.185243558308083089e-02
-3.770602944329942141e-01
1.155095272211933977e-01
-3.155804631226942769e-01
-5.885260283392165226e-01
5.034016800718115192e-01
2.546764805597882542e-01
-8.530062472284819508e-01
3.970882543175746071e-01
1.126157062212194360e+00
-7.695948134264124496e-01
-5.900834650627326816e-01
1.835219294429961956e-01
7.821182985086251316e-01
1.689923742846435872e-01
4.463854321861450702e-01
2.166153691443017948e+00
-1.146025840963714071e+00
2.362702063955603116e+00
1.633400796403604582e+00
-1.859160121648880004e+00
7.739927766729165493e-01
1.367799492190723720e+00
-7.341371321431297003e-01
8.183724729377956919e-01
-7.567833395625385151e-01
2.667868753379065150e-01
2.423813197441466283e+00
1.606363853535742958e+00
1.602214679772417494e+00
8.787755652399713568e-01
-1.398403252412803610e+00
6.984738257231914993e-02
2.992158434378311416e-01
6.482378021321584249e-01
-2.548208257129124465e+00
-1.212619035999530359e+00
2.596029467570615257e-02
-3.181914691285468999e-01
2.943696729284197011e-01
-1.778118535939243294e+00
-1.021175264471933103e-01
-4.327472656656681793e-01
1.477237264172682973e+00
-7.334714778635627042e-01
-3.375317563597901582e+00
-1.957920755518003819e+00
-1.188560345055741152e+00
-1.097860369601070918e+00
-7.847838438713595766e-01
1.293693856976390333e-01
1.351245219974730016e+00
7.874622754435961491e-01
-4.144994980600961720e-01
8.367662033311826786e-01
-1.462721784362644550e+00
1.982654802644996384e+00
-2.155093405124679951e+00
1.751938414165729263e+00
-8.431253960501117195e-02
-2.377590383413532849e-01
-1.583025925341662379e-02
-2.245488439233529476e+00
4.349040007666937768e-01
3.773143190237530753e+00
-2.546337801425474279e+00
2.498108030790649747e-01
-1.406482916015772577e+00
1.525474010820703497e-01
-4.171118970174513829e-01
-3.856716532190279656e-01
-1.041208635621447831e+00
-5.505984883942126595e-01
-1.473826933381444437e+00
-1.125480444015855452e+00
-4.749144686422798745e-01
1.068483265687524497e+00
7.460347181399223926e-01
1.060587380434478533e+00
-1.995164862960517205e+00
7.530807548013231933e-01
8.186245552484358590e-02
-1.301232157747333806e+00
-1.369592370763862865e+00
4.903119882679644048e-01
1.561784532565928085e+00
4.634994313856836690e-01
-8.734105537947689513e-01
2.298024051814347851e-02
-1.194400230889218983e+00
1.783889177841782858e-01
-4.339832168523215239e-02
4.720015413959713357e-02
9.520762313147996814e-01
7.998000995506755473e-01
-7.595100001399969214e-01
-1.191862959317395720e-01
2.246027915924604101e-01
3.161847778135911669e-01
-2.497243525758176652e+00
9.969196902612231792e-01
7.373282164108454495e-01
-3.974484932190647801e-01
-1.202533382031458764e+00
4.176119755475879436e-01
1.473987284682720889e+00
-9.164208858389178980e-01
-8.303946500330849911e-01
4.239510918594230349e-01
-5.217034340649674418e-01
-3.800173273568788757e-01
-5.535312242071693811e-01
5.095728561652702604e-01
3.683503249730186169e-01
