-2.250084370695820901e+00
-2.552353108824792383e+00
-9.304789236114338058e-01
-2.518222986517110185e-01
-2.666440912832740776e-02
-1.030098394038970966e+00
-4.094497361560316961e-01
-2.712979963336687117e+00
1.104537348306867228e+00
-1.147247229617545487e-02
4.717683495425143980e-01
2.957720965066141239e-01
-5.220241050869052213e-01
-1.324442434150781445e+00
-1.114213825879343256e+00
-7.011282646750949255e-01
-9.974452376255844577e-01
-2.006036159635844918e+00
1.593781411787551783e-01
-1.338120767853360871e+00
-1.738709892833451898e+00
-2.330778756090177151e+00
9.470709112630893989e-01
-1.607687768665859718e+00
1.464642633565328644e+00
-1.737397145501551998e+00
-1.292418574808402942e+00
8.605450844882059913e-01
1.183983103944702631e+00
-1.140432558033793731e-01
-2.361054201029913202e-01
-1.576707392013082742e+00
5.634253053551748769e-01
-6.517175854616569231e-02
2.006999162927774749e-01
2.875122573784104407e+00
-2.203011925297310381e+00
-4.824516565622265912e-02
5.889559128876376004e-01
4.482420565777407023e-02
8.315465602253843125e-01
6.192161095726415043e-01
-2.141669184384766389e+00
-1.182291217397228866e+00
-1.192707511592537850e+00
-7.206254198677509715e-01
-1.858807836195154550e+00
-8.881306481070263548e-01
-1.649775998202915428e+00
-1.501799158638666976e-01
3.530003785603389455e-01
-9.395780208527805266e-01
-1.531897357062787179e+00
-4.373638735720729309e-02
-7.091861293557769619e-01
3.141815004064421601e-01
-1.231929024859228283e+00
-1.257698249310624350e+00
4.009864629362561161e-01
4.272552438899782645e-01
-1.331804107732026843e+00
-1.894386498995368928e+00
-7.982388909775628427e-01
-1.024713427486880990e+00
-5.874967277504963281e-01
4.063026941106803736e-01
-1.488113595997837768e+00
2.290094602264832191e-01
9.028488881087947115e-01
-4.838652028148426876e-03
-6.031940589281943321e-01
2.117696605546866007e+00
-6.977105842489252086e-02
2.283943346454905488e+00
-3.269966084962273589e-01
1.055012758866637590e+00
5.325563681351854761e-01
-1.944543951894794065e-01
-1.872803279171317836e+00
-3.083831359131670613e+00
1.117162352850118889e+00
-6.276740229582578046e-01
-1.127742474353641500e+00
1.024720336622999106e+00
6.226406509582116389e-01
1.203331871623184668e+00
-5.520879659425780295e-01
-9.866079175347338692e-01
-1.807068435601957290e+00
-1.292352066723005288e+00
1.524697402958892889e+00
-7.140444740092569686e-01
-5.177586708680901317e-01
-2.985944886784840602e+00
1.024205285482970185e+00
3.474199560111370100e-01
1.616648448729742338e+00
-2.833103956603736512e-02
-2.200924609637471718e+00
-3.858919446847459966e-02
-9.233331526097001696e-01
-3.269983744668243375e-01
-1.082751921757566516e+00
-7.194552717951828713e-01
-1.917464388692613708e+00
-1.050103028575729791e+00
-1.516731105136380098e+00
1.072303446935058135e-01
-2.393510433063759990e+00
1.558638950083244490e+00
3.529562926695931080e-01
7.720063821888204503e-01
-1.891960466307738287e-01
-2.182401554915357256e+00
-3.084604047625770118e+00
-1.844067442014153180e+00
-8.115179974135731111e-01
-3.053771562410085849e-01
-1.348534723008057323e+00
-9.979477521518300698e-01
6.166637941995291028e-01
2.524626901079233043e+00
2.272131486409483703e+00
6.462210790189301113e-01
4.235254677765162845e-01
-5.529041595937940201e-01
9.228420981767962994e-01
-8.859745351489813903e-01
3.673420315835396188e-01
-2.700123865218336583e+00
1.124805780664743349e+00
-7.718777306585876685e-01
5.313278581481971630e-01
7.592717556431820281e-02
1.855555716938865896e-01
-6.274525079262198435e-02
3.371324562289020749e-02
-1.547894910452976891e+00
-2.045124770321300467e+00
1.005407793526769122e+00
-8.762007421070466817e-01
6.320855275146503027e-01
-7.392906425997756159e-01
-5.959379430962535862e-02
-6.347190509308253681e-01
-1.196344909412315527e+00
1.381024800587802748e+00
1.201710801000202888e+00
-6.994607134949574201e-01
4.097355908418950921e-01
3.342436770453106887e-02
-3.898898005198863093e-01
2.190189864567793354e-01
1.000479022286913655e-01
-1.219166300306808282e+00
-6.017298274997388008e-01
-4.263656313008970522e-01
-8.107492653341668021e-01
8.990690155203427958e-01
4.455509990064990267e-01
-2.401996019915128677e+00
-5.188399982332753124e-01
-2.378237948866138929e+00
-3.072782649678379441e-01
-3.016900129032463518e+00
-7.055145705233261122e-01
-2.151123269076658406e+00
-2.173288117515268514e+00
-3.986399707524747593e-01
-1.278532255081410440e+00
-1.346140853516046010e-01
1.059847244368559371e+00
-1.421182165881129000e+00
3.204727248968142206e-02
-1.242220132715402769e+00
-1.524395388801348616e+00
4.108040077449587324e-01
-1.482391985776910504e-01
-2.459696419528296651e+00
4.692673808944389791e-01
1.116893981191251717e+00
-1.533322856237390619e+00
-3.152031297885317107e-01
-2.514882253552160218e+00
6.083589547013844578e-01
-1.380770888363171967e+00
1.146629350198063113e+00
-6.279399607362285973e-01
2.873079546218048730e+00
-8.216787433843414368e-02
5.306669919976820804e-01
1.231831484401435306e+00
9.190896926233027564e-01
1.681899631304640264e-01
-4.633646632496326093e-03
-1.676562758973657807e+00
-8.997658030941096952e-01
-1.450526881873405616e+00
-4.932636292645147802e-01
-3.296564309562911022e-01
4.702961788780470331e-01
-1.756550964124764302e+00
-1.746059899524282921e-01
-6.048914405640546388e-01
3.441932023660621009e-02
-1.704088156887277439e+00
-2.477692190658786320e+00
-1.992864274615590903e+00
-1.097170266067254651e+00
-2.666394991459622332e+00
9.008405115912492267e-01
-7.113498668824609350e-01
-3.707458303235990765e-02
-1.750892437908333044e+00
-4.606738235524094338e-01
1.724736607249108378e+00
