1.429499086469702585e+00
-1.309698086603386935e+00
-1.115617328430628330e+00
-1.501313663679791466e+00
-4.096369493701013109e-01
-1.497461318979847578e+00
4.483980827639814648e-01
2.516589579847585245e+00
3.878110105247509209e-03
6.724215968292927004e-01
5.912455892063062102e-01
-1.359446524099069409e+00
-2.834790741177588114e+00
-1.524313367359166893e-01
2.315741673829626798e-02
2.299283496878447020e-01
-9.672741553545383120e-01
-1.277564482927166623e+00
2.543393329047307083e-01
1.744568268778013964e-01
-1.686719314891076626e+00
-1.765153097542685234e+00
1.295734935267394902e-02
-6.327747956210825198e-01
3.315607774669024899e-01
-3.262023859240753554e-01
8.339157599050790459e-01
-1.451060312134779151e+00
1.257962477016994596e+00
-1.159250187717104641e+00
9.468068846212637779e-02
-3.195346425504865251e-01
6.476099958516541300e-01
-1.083095872503903934e+00
-6.438554250660099010e-01
-1.169410025439666434e+00
-1.932732292140086239e+00
-8.350497155561040774e-01
-1.789035033404858810e+00
-9.442612785419564059e-01
-1.828446196580935101e+00
-1.039867802710877642e+00
-1.821611109023122177e+00
2.118722951400324739e-01
1.642679276830429247e+00
-5.771630846498643219e-01
3.419315469442503475e-02
-2.208689458712852272e+00
-2.777151517714744333e-01
8.423030769855868738e-02
1.498681263463707447e+00
1.529084290194616447e+00
1.389160285231773484e+00
-7.011689314155434838e-01
-3.825415646216571375e+00
-1.426627033652437884e-02
4.162848906832183338e-01
-1.669337902718935340e-01
2.321650406844920911e-01
-7.427402401455990288e-01
7.469338663316741345e-01
4.382324897870210068e-01
-8.377214627155509241e-01
-7.107088394881261317e-01
-5.046004071306460226e-01
3.335569531121434506e-01
-1.303713915652982891e+00
-8.767507731191785947e-01
-1.047938064532500491e+00
-2.389702875583627595e+00
-3.088486456451272399e+00
-9.601479396475391948e-01
1.665645347966353329e+00
-2.738701559396370389e+00
-2.388462646304819956e-02
3.263310266486640909e-01
3.542850477338601034e-01
-5.615218492075970680e-01
2.313238120557244704e-01
-4.800313969952632598e-01
-9.517589391561895873e-01
-1.537771518432118623e-01
-8.233001749884651943e-01
-1.566664550328036309e+00
-1.963220582367572131e+00
-2.104734628663537666e-01
4.872939276688538213e-01
2.225180554922573162e+00
4.556070580789532420e-01
-2.057721322019782084e-01
-1.444416129488676759e-01
-2.368931790071326038e+00
-1.267662868537488663e+00
-2.109884686765207906e+00
-2.099709822414299598e-01
-8.161869649170139240e-02
-8.621177430569716416e-01
-1.563809406385308076e+00
-1.312226641680103612e+00
-1.456177227799000828e+00
-3.377377696865966339e-01
-1.330649446482687681e+00
-1.710516913290447416e-01
-2.042844714473492473e+00
1.644238217774091293e+00
-2.452866089456698373e-01
-1.028235292878063589e+00
-8.223522709084263305e-01
1.092321178455341490e+00
-3.817086401889370206e-01
9.364214111740700730e-01
1.368046133828652478e+00
-2.170323093418795313e-01
3.553362807908685972e-01
-6.471190977082458273e-01
1.666097350762573814e+00
-1.731185675986704808e+00
7.242049142215063462e-01
-2.545799559360927056e+00
-2.667773470445917172e-01
-1.933560669962908207e+00
4.400860658981997631e-02
-2.637572231654446764e+00
8.345362416781253179e-02
-2.472605035055793099e+00
6.335734559112109476e-01
-5.128800116628344785e-01
9.049629640714162981e-01
-5.567332241040829910e-01
4.796983955946452771e-01
-1.066079995290887927e+00
1.382148688472424558e+00
-3.655088272318798848e-01
-9.638354336179820736e-01
1.079811097127710173e+00
-1.510854176701001750e+00
1.146136171901555034e+00
-1.296791692439684951e+00
-8.111327490281651231e-01
-1.246809834106674675e+00
-1.336930894314541651e-01
-1.547622331322882516e+00
-2.978006387727147875e+00
-1.318553461151933670e-01
3.105469518789981120e-01
-2.797730568567297293e+00
-8.374654666235084033e-01
-1.581875696980194368e+00
2.634015521400049908e-01
2.311170979050536645e-01
-1.709733038376034964e+00
2.938549972323016915e-02
-2.073509339419734143e+00
-1.210472426010377855e+00
-1.074384148100929304e+00
-6.047238017775373731e-01
-3.195159806019776561e+00
-2.682331065642034607e-01
2.365811247907236708e-02
9.705249459113119981e-01
-4.098935155491828519e-01
-7.587656644180433563e-02
-4.431975156125382287e-01
-5.038666594296029588e-01
5.585812380081406348e-01
-1.423976868762160786e+00
1.807732238443245931e+00
1.736456388083130964e+00
-1.021902130979827739e+00
-1.074191733324468823e+00
4.096103598282535563e-01
-1.675757349468225632e+00
1.550077955285235509e+00
-1.302034034094307735e+00
-1.018239876969670776e+00
-1.242846887017937441e+00
1.652985575076512337e+00
-1.347661566357917451e+00
1.663568687281455905e-01
5.303950960999871400e-01
-1.154519336824219700e+00
-9.296074205654407396e-02
-2.690043856237634312e+00
1.098811033408109150e+00
-6.067420443399857977e-01
-6.329870634785585981e-01
-1.257512729796236961e+00
8.196271639817457322e-01
-1.157787689899641093e+00
1.720303160001610987e+00
1.030606826155528732e-01
-1.224037966210262729e+00
-4.135491965097138345e-01
-8.664731171122529441e-01
-2.575314751313077632e+00
1.993767626201096432e-01
-1.159736702397223151e+00
-6.553387179694520892e-01
-1.354114967507977774e+00
1.316563780770029668e+00
-1.354528794727626551e+00
1.500918144712957814e+00
-9.427667885902096812e-02
2.637774259529128140e-01
-8.461102268934571624e-01
-8.914937972603680372e-01
-2.640673755721361982e+00
-1.204294736763501072e+00
-5.189751735302313707e-01
-3.642334976063564822e-01
-1.517277781976565099e-01
6.516855835822991105e-01
-2.178979472370335291e+00
-1.340479335594996491e-01
-4.214837213952796757e-01
8.493657464627704101e-01
