-1.481712503409891690e+00
-2.867852673460423940e+00
2.161410689404399676e-01
-1.419499967592668721e+00
9.251011317117634469e-01
-6.270117934548972149e-01
-1.078701358127774679e+00
9.878950928463791081e-01
-2.085970301091470080e+00
-1.835711383521355433e+00
-2.614195441804368358e-01
-1.766488668949887930e-01
1.549011578293220781e+00
3.352574963874132008e-01
1.380193803500119554e+00
-1.450438117298020746e+00
1.738848911715042078e+00
-3.057923138455911793e+00
-1.346864183606263643e-01
-7.778446277912591800e-01
1.147296640060666562e-01
-1.804543358612539672e+00
-3.775975687097307687e-01
-3.110643183990160932e+00
-2.521332827560775147e+00
-3.771843878349770418e-01
-1.822349040399226183e+00
-3.278139113872901245e+00
-1.282145097620184693e+00
-1.277851207643825759e+00
3.676135396460926685e-01
-1.126813711440444732e-01
4.121628601384284885e+00
-1.004290945900920606e+00
7.750528642987627448e-01
-7.929840155795240264e-01
-1.089530650111625087e+00
-3.340423697579648632e+00
-1.410078058445454419e+00
7.570434599320912117e-01
-2.514026792394711052e+00
-4.444622625592465348e-01
-2.680398836462624335e+00
-1.194728718069091311e+00
-1.155696094147826702e+00
2.023177562874682422e+00
-5.494523229326390146e-01
7.859212139427036448e-01
3.795644634018072172e-01
-3.514463879932521628e+00
-3.694243502881388586e-01
1.592449542928545014e+00
2.574656973776099367e-01
-1.654051232052730080e+00
1.138806035721350751e+00
-7.381977715314116395e-01
-2.426433209138761649e-01
2.577351478208905977e+00
1.631745180218004521e+00
1.213040417040055940e+00
-1.529306206387386569e+00
8.956927946110906369e-01
1.020588854311490712e+00
-4.060497703069571029e-01
-1.143865580401166815e+00
-2.121456002032695132e+00
-3.161552920134580447e-01
-1.183693956296637317e+00
-1.638115236016366660e+00
-1.856397502954309386e+00
-3.233186902947057462e+00
1.137640781371554777e+00
