-6.837985596469716709e-01
-8.691232916957789545e-01
7.712182695239545582e-01
-2.052267797246472014e+00
1.965767732934437406e+00
-3.125204788362008657e+00
-1.365182973806381650e+00
-6.857874497800580116e-01
-3.349172674352809853e+00
-2.345990352114182276e+00
-1.504591795500814344e+00
7.059546370961751194e-01
-4.401477263276915686e+00
-1.993257987251648045e+00
9.622390854528551918e-01
5.693603664510575590e-02
-7.133460584514276226e-01
-1.558918516508023488e+00
-9.206992358522400610e-02
-1.544033443813306317e+00
-1.502375409185190858e+00
-3.199529047902302192e+00
-1.694986726736058547e+00
6.220331308385768088e-01
-2.016212110589326922e+00
3.167305677491478733e-01
-1.511235927192151829e+00
3.017596794566989038e-01
4.497935680040989759e-01
-1.014232536734666512e+00
-6.877082547080409780e-01
-1.482560515934581380e+00
1.568012920135135380e+00
-3.851669951051119867e-01
-8.061337086527210483e-01
-7.802023659719593829e-02
3.343246635118110044e-01
9.893681429333622823e-02
2.787262938231489517e+00
-2.450536359162893141e-01
2.961681556044231556e+00
1.200077145311873261e+00
8.603318449109365051e-01
-5.397212542400683377e-01
6.720522517632371295e-01
2.048616594504400368e+00
2.092006234334303549e+00
9.128314473298653198e-01
1.709360607093800333e+00
-2.619908020504809532e+00
-1.204482244411323677e+00
-1.126611331975618802e+00
-1.920190384887179580e-01
1.457459757453465621e-01
-5.370435913713986764e-01
-2.536002315589163558e+00
-2.189790998144996337e+00
-1.373035151208066740e+00
-7.780098401403562347e-01
-4.446335129959614330e-01
3.488428986366777784e-01
-1.303203073694360059e+00
1.958960238938960874e+00
-2.111802104847933403e+00
1.825372217196991276e+00
1.202280927062308880e-03
3.995817852835190198e+00
-2.018372504199350104e+00
1.053310555357164918e-01
-1.903993181541883795e+00
-3.721904638019526979e-01
-5.012662712714575086e-01
