-1.829633432978509111e+00
-7.137191481054742104e-01
-2.470157245053691053e+00
3.706428668550049710e-01
-1.123216532653587896e+00
-1.147906720056609098e+00
-1.813876659136680614e-01
-1.694832043993349302e+00
1.217315026716468962e-01
-5.751499516771224618e-01
-1.338046972324087536e+00
-7.308677599452509943e-01
-7.712117813929278975e-01
1.889466943200822646e+00
-8.269883601186881483e-01
-2.415896064370353535e+00
-1.239949691357150829e+00
-2.056044685039964737e+00
-9.194481906752423050e-01
-7.056505757373271459e-02
1.185352112342344805e-01
1.011381329237307058e+00
8.668273074181057636e-01
2.500431433050507302e-01
5.649516814168672463e-01
2.067727938150134115e+00
2.396546780603550530e+00
3.852172870225688966e-02
-2.247714628017186911e+00
-5.761625841101565282e-01
2.029057860615130160e+00
-6.028055135791898778e-02
