-2.084283635713031657e+00
9.008152884309432729e-01
8.195585686049011720e-01
7.938292589812795397e-02
-2.825248620341664352e-01
-1.133830106021783912e+00
7.277166568273261138e-01
-1.852098224368599277e+00
4.605694862525632205e-01
-2.282113865690765131e+00
1.284685932550951204e+00
-8.936692552183604921e-01
-5.518699762444856383e-02
-1.484725607104708134e+00
-6.279892095871519864e-01
-6.424093840467011152e-01
-1.264177744944834814e+00
4.558453208516547589e-02
-1.864467471804369669e-01
-7.065824004301957117e-02
-8.175507318366158627e-01
1.602158148408388827e-01
1.363627044594201421e-01
-7.507374907150936583e-01
-1.721698257359471906e+00
-1.762167523802696589e+00
-1.605057245878743766e+00
-3.564707102673969619e-01
-2.094125773549105674e+00
6.303029471237707737e-01
-8.510875333310875535e-01
-4.984091414741210202e-01
-2.773194860409519791e+00
-1.197888576700324226e+00
-2.550608800155055089e+00
5.309140120738947699e-01
-7.246297446559393229e-01
-1.125315222623139100e+00
-1.041941952751951561e+00
-1.144275065193067320e+00
2.582224225093592840e-01
-1.461186260083978672e+00
-2.194949079932250191e-01
3.471135351325066454e-01
-2.348026063301358324e-01
1.151768908002556602e+00
-1.951678475890445297e+00
1.746202843100278512e+00
-3.306087459387847538e-01
8.783514148343204431e-01
8.109430587056261075e-01
-4.911063456715597519e-01
-4.237947399424933925e-01
-1.064561695525551022e+00
-1.245492085441147090e+00
-1.233956708984679240e+00
-2.459737867536583023e-01
-1.779103369033189663e+00
-1.544650897499502351e+00
-1.059563606302356575e+00
2.418873615625582174e-01
-3.367404703008492622e-02
-2.634771779485286514e-01
-2.040687674452656086e+00
