-7.857089256652810549e-02
-3.728861031570120588e+01
-1.475491928229244465e+00
-2.527529198828156609e+01
1.778010820568469796e+01
1.671989065135244701e+01
-7.303288984187889632e+00
1.023432756479052408e+01
2.662094765220829728e+01
-4.224799920181370538e+01
-1.033136411590334980e+01
-3.253803094686060149e+01
7.589919546654951432e+01
-2.503663387582356847e+01
-2.758692203828802647e+01
-3.974622230303000947e+01
4.342264209630750571e+01
-6.446011027174807850e+01
-1.110900034376863665e+01
-5.265240982095552624e+01
1.383431818198180352e+01
2.626824192973198890e+01
-8.032860423514533110e+00
1.394319506535215503e+01
1.581643325076297835e+01
-4.325651327157928705e+01
-5.310670546377199708e-01
-2.730912857021598583e+01
-6.886158078378495873e+01
3.361013397146271586e+01
2.968649409463449018e+01
5.149823298901043245e+01
4.331427518757292461e+01
4.873210998279643036e+01
-7.707610767570678867e+00
2.098391994564221719e+01
-2.253954342741712935e+01
-4.264605189958765408e+01
9.026407325297086004e+00
-3.327557013816468157e+01
-5.325212612271383961e+01
7.812020449244862164e+01
2.542101327275056732e+01
5.927396528543020082e+01
-2.558037533784348341e+02
8.283685319481286058e+01
9.674138572616496390e+01
1.346733336668449112e+02
2.881210744828090853e+01
-1.039888248304223453e+02
-8.568018055119249965e+00
-7.614394309834172248e+01
4.063054358002059274e+01
4.510623869706677169e+01
-1.789700476168071219e+01
2.394003613003256703e+01
4.496236204154953953e+01
-1.043329485720007881e+02
-1.275776154787640415e+01
-7.429872118353107169e+01
9.141982886767150873e+00
-2.091776553201202304e+01
-1.477006936467175069e-01
-1.138130863353981681e+01
6.975694219365349724e+00
2.659573577657673127e+01
-5.938830995289710035e-01
1.436952601109680572e+01
-1.153441369311598130e+00
-2.592422664683874345e+01
1.846496993406835152e+00
-2.104632858696141184e+01
-1.933795734261178012e+01
2.694111718170750436e+01
8.226715377227558079e+00
1.749125592200067203e+01
-8.625222208128174373e+01
9.295852377551995005e+00
3.147835582598440141e+01
2.885557223473169941e+01
1.513877108204854416e+01
5.042662089347133225e+00
-2.110156416648831357e+00
5.635580549801935124e-01
-7.669155753552121091e+00
-2.483968914937906280e+00
2.447151883269276684e+00
-3.227513758187887216e+00
-1.903451181667245606e+01
1.307956035445785226e+01
9.838211695334820206e+00
1.340370870552121119e+01
-1.157204372114359359e+02
2.974367956206035757e+01
4.374082210431518547e+01
5.796676475977350407e+01
-1.585530443485469476e+01
8.945885014460999685e+01
6.577437461638782068e+00
6.343202780750686287e+01
-3.339083373218954875e+01
-4.214703359630222934e+01
1.495155905258277507e+01
-2.598662975400145925e+01
-5.138449550197797322e+01
8.890345776751782125e+01
1.780008747347242348e+01
6.524505739406208704e+01
-1.056274094099671430e+02
2.725815272112765086e+01
3.653889547598706145e+01
4.618354891951816654e+01
3.393499566934880818e+01
-7.686315145277197303e+01
-8.065222417548442380e+00
-5.958991556607958273e+01
3.263219099460761896e+01
2.710456441931648897e+01
-1.400460667826993877e+01
9.688782165797725554e+00
1.995335951009005626e+01
-7.618781145241082697e+01
-2.055002432938203949e+00
-5.277917130512489052e+01
-9.954879151757684497e+01
-3.401093985624741745e+00
3.967671309800644508e+01
3.220829622950636661e+01
4.692173873268224327e+01
5.419630749064792496e+01
-9.410472423778294626e+00
2.377084438949937351e+01
-2.964814767073123392e+01
-4.474541574058675764e+01
1.129696430056946888e+01
-3.224433927543169887e+01
-5.091738676625823956e+01
9.348623270599226487e+01
2.404944025938083740e+01
6.983467940880727554e+01
-2.154258495092969667e+02
9.637908375166887254e+01
8.241607110379469248e+01
1.325011771399784095e+02
-1.996488277461391903e+01
9.738786654377138063e+01
6.736153519577392501e+00
7.114438975981320823e+01
-4.915981082649648215e+01
-3.480295244546703515e+01
1.991047017590870638e+01
-1.526783248405207516e+01
-4.900355651124215939e+01
1.074872028527759085e+02
1.556786898461199442e+01
8.039999400092328585e+01
-3.643442034901935500e+01
4.417348293961329375e+01
1.137007629582701718e+01
3.964605881587142733e+01
6.599696894574596406e+00
2.721457442345378563e+00
-8.990231155761054804e-01
1.112110458191447378e-03
4.937628437935496217e-01
-5.066438079016374552e+00
-2.494687782074723331e-03
-5.329098821518715390e+00
-8.019074776511780911e+00
3.694316386720338130e+00
4.194339828222603650e+00
3.259847802148023721e+00
-5.599415932210151681e+01
7.408764463139985601e+00
2.091945440043442517e+01
2.190134879465821527e+01
-2.840134692471550792e+01
5.562652173807351375e+01
7.837246544733489806e+00
4.492846960011065960e+01
-2.459419431645431331e+01
-1.477303941295733480e+01
1.050991676235512706e+01
-4.363673819134057830e+00
-2.164472126981858580e+01
4.921378197643932850e+01
4.722953555011346616e+00
3.635871889315308181e+01
2.604802051362188564e+01
2.414674379155893058e-01
-1.214383835619277363e+01
-1.007124578439949047e+01
1.026334028400051679e+01
-3.160985807209936382e+01
-2.268014197514180985e+00
-2.244570600740576793e+01
7.133650783085522029e+00
1.906109597559506952e+01
-3.916633752488738907e+00
1.144928516713431321e+01
7.075622006795288854e+00
-3.020895717455826812e+01
-6.631902511928466915e-01
-1.870828257716958021e+01
-3.272834530868143332e+01
3.500464850174729747e+00
1.329184617006858282e+01
1.604116195937622180e+01
-3.605540381682446949e+00
-2.366782041217386734e+01
8.429368884151736685e-01
-1.333358309316163570e+01
3.029087926260601193e+00
2.170374914785162446e+01
-2.185043454976021593e+00
1.574257416934267262e+01
9.603294970270162878e+00
-2.734039054001770097e+01
-3.399104170324966478e+00
-1.682106309228247198e+01
1.750309097487725651e+01
-7.375275184556792318e+00
-6.211066407032308945e+00
-7.154814825688716518e+00
3.239823198556607053e+01
3.388133648353672367e+00
-7.037349105915470915e+00
-6.657726777642029248e+00
-1.433396477079579956e+00
-1.669752022209338094e+01
3.757450692352470312e-01
-1.553093099894972973e+01
-1.670422996399370064e+01
2.102435476784864932e+01
1.008447471954044516e+01
1.571913012163900980e+01
-1.266666378475747052e+02
4.037527301259243018e+01
4.888193911887189103e+01
6.684112334566435720e+01
3.430426119444971533e+01
-4.984930309322183462e+01
-8.128706132844573773e+00
-4.110719127691842800e+01
1.420754987808693848e+01
1.793142137758118437e+01
-7.187645903651990409e+00
7.232497061774404656e+00
7.734649593835261960e+00
-3.773111254632474498e+01
1.898091022528795024e+00
-2.400149157958492552e+01
-9.294943388755169167e+01
2.227313718648538909e+01
3.738974563074451396e+01
4.860648022395341172e+01
7.503394297520549117e+01
5.006945337734838120e+01
1.701923502326156878e+01
1.551269923977525522e+01
3.809475057196154779e+01
1.219235287804752943e+01
-5.340253231895041530e+00
1.700475382337491581e+01
1.045757616528007645e+02
5.514140183844008902e+01
3.536022055755751836e+01
9.757479147412674081e+00
7.616944864793360637e+01
3.258389567720983848e+01
5.660126082678226567e+01
4.760054404326771760e+01
2.115932960964012111e+01
-3.308499039071605807e+00
7.612760088930166091e+01
-6.224416999132282058e+01
4.821715618472056519e+01
2.743265489742486807e+01
-1.852088987737858972e+01
5.847272907714057055e+01
-1.522784592323211150e+01
-2.639411817313584763e+01
4.876931604181850588e+01
-9.232484914359686456e+01
-1.342611371192946024e+02
-8.854743950677527664e+01
-4.614396169348394494e+01
-1.313124549944243711e+02
-2.001651624872136779e+02
-1.446582260417419548e+02
2.184302570189940695e+01
-8.342004767091002293e+01
-5.553364163859804847e+01
-8.456999667168627610e+00
2.182369920031616317e+01
-7.283527163372685465e+00
-3.174021837860378810e+02
-1.784622752813935733e+02
-4.981213420040992901e+01
-8.780975608368997598e+01
-3.277889102871330920e+02
-1.600438042436636010e+02
-1.778565105042378320e+02
-2.213973957083987329e+02
1.110010238301770187e+02
6.207467866816492830e+01
8.271929839428048581e+01
-3.555915961444526374e+01
8.021894609562497180e+01
3.140438829691321487e+01
-1.826216517352454005e+01
6.874404811468060927e+01
1.279175943429906681e+02
5.569033159748172324e+01
9.387295290009322457e+01
-6.735368201931655108e+01
-6.593341324437785644e+00
-1.710642159584148558e+01
2.543096733093083728e+01
-5.917977766422936270e+01
-7.848551642423589669e+01
-5.064864788230094916e+01
-4.512315449395321032e+00
-1.519691403434043941e+01
-2.769478832613276253e+01
-9.950531311936682499e+00
2.174721655704476220e+01
-1.708448341266001691e+01
-1.106340133942471624e+02
-5.567254995690306885e+01
-1.905371545432522851e+01
-9.293030715996261293e+00
-8.902311148753369707e+01
-3.174022658678076780e+01
-5.069535441798744557e+01
-5.101986249294988340e+01
-6.099706595823274569e+01
-4.714177115541907881e+01
1.605824233430923442e+01
-4.357356422235073978e+01
-1.879211223458831270e+01
-2.900800808167823153e+00
-1.851352873855682146e+00
9.211452871971113510e+00
-9.921916860784762093e+01
-5.867924323045405544e+01
-7.595425553161904375e+00
-5.120743045161137985e+01
-1.247057263417901964e+02
-6.127093703119073353e+01
-7.714955327179721678e+01
-1.071119575946085689e+02
-1.406695181763057292e+02
-8.644172789031684090e+01
-5.815831596035697260e+01
-1.403252142307541250e+00
-8.380777486656224085e+01
-3.181000589819410607e+01
2.039932636098967578e+01
-5.369770900020153448e+01
-1.784145232024154382e+02
-8.610022990302941537e+01
-7.863167969920476708e+01
2.101706615749137441e+01
-8.140338572151846108e+01
-2.113934835521012445e+01
-7.848922606759063569e+01
-2.976568060493206858e+01
2.932918552142628243e+01
7.247866134301141905e+00
7.765030733697383880e+01
-6.150603920006747671e+01
4.520065039217755043e+01
1.936452276096928315e+01
-6.176424836374883043e+00
5.662719002228575960e+01
1.263147027215104856e+01
-4.709822373082888980e+00
7.160639112593574396e+01
-9.039343361137341049e+01
-1.079543901077731221e+02
-5.659925439408782921e+01
-4.312651078098741664e+01
-1.331966471276454627e+02
-1.942076377638713041e+02
-1.420126628291056363e+02
1.913606822691039255e+01
-7.450543515834834807e+01
-4.868643672716747517e+01
-2.869285992362959448e+00
1.792358405759721407e+01
-8.720798257674854170e+00
-3.161017407722932830e+02
-1.800937480582239232e+02
-5.993031535843783786e+01
-7.772054471942649911e+01
-3.202938363567334363e+02
-1.664102950870036466e+02
-1.629507362853342443e+02
-1.982811284213102567e+02
-1.154030962825787725e+02
-7.116517119491129506e+01
-7.031150166103221011e+01
1.431421998463393130e+01
-7.843050173793429281e+01
-2.666152199975532611e+01
4.172917108330137737e+00
-5.425726704673640199e+01
-1.465375529566566399e+02
-7.248047436669779131e+01
-9.483244500775040819e+01
3.808786350984961899e+01
-3.853695817835944837e+01
-1.505503831913715196e+01
-5.210111854942874743e+01
1.421060449708376261e+01
-3.142726195992967320e+01
-2.255667135425941439e+01
7.079997143690098582e+00
-1.767122975831744469e+01
-9.000922038292520355e+00
-2.497318688102704076e+00
4.828133542615284490e+00
1.245885631578470321e+00
-4.817807649519691893e+01
-2.659950734205183664e+01
-1.331561718119370408e+00
-1.968069922615626410e+01
-5.598704494285048838e+01
-2.386652755971147855e+01
-3.326020250011194435e+01
-4.583152967869543915e+01
-3.302203728644732195e+01
-1.338310395808352560e+01
-5.657958926063255944e+01
3.119245179387524303e+01
-4.503781764772976004e+01
-2.013957859584265364e+01
1.608265196262581576e+00
-3.865831060183501933e+01
-2.075101671080926025e+01
-2.455471939327361852e+00
-5.013901050671186965e+01
5.011301528050677234e+01
6.065011611136939251e+01
3.852262278629255121e+01
6.262757660927035452e+00
6.410448024906507669e+01
2.227391888725597724e+01
8.689267297026294301e+00
2.839094161297730778e+01
-2.590888923355804607e+01
1.695615083670555023e+01
7.819244262587325522e+00
-1.233953281708362937e+01
2.647535322108060996e+01
2.030487416640296772e+01
4.501307793650583200e+00
2.636147145522293300e+01
-3.920178429712250079e+01
-3.150862868773345937e+01
-2.065835276945606935e+01
-1.731780444708397226e+01
-5.258635534823563518e+01
4.488305943196107251e+01
2.756826527747315225e+01
9.646678935798671972e+00
-4.084438807673255845e+00
1.407632084832393282e+01
4.337561766691635512e+00
-1.602225497585632752e+01
1.730234762787719305e+01
6.364564825762416689e+01
3.098369205663823323e+01
1.942766927901419294e+01
-1.162707922942263217e+01
3.555763546912714901e+01
1.325358716238996593e+01
1.287390827573436880e+01
4.774551127834586461e-01
-8.401896022853482293e+01
-6.452383116165097476e+01
3.163578790301071564e+01
-4.971079195948197338e+01
-8.329103709181451265e+00
4.328257212540004062e+00
1.113610923711752321e+01
1.000364835669575037e+01
-1.459737563551649373e+02
-8.543910585659428136e+01
-6.031292689658712902e+00
-5.834428725347397915e+01
-1.796740366048574344e+02
-9.183060682528510199e+01
-8.464178717024199727e+01
-1.258590038357136081e+02
-4.368234707393268690e-01
-1.344357957244609203e+01
6.185224403505080204e+01
-5.801517973065912059e+01
2.992144632768735946e+01
1.732322528232456449e+01
-9.476355144598546332e+00
4.498584974334907827e+01
-3.328818901480521220e+01
-3.079547233111361848e+01
4.081954756562802089e+01
-8.192762428903776595e+01
-1.288035233048196915e+02
-7.424601684976359195e+01
-5.493353571452708906e+01
-1.280564897837653575e+02
-1.935733721357961556e+01
-4.979993124467269894e+01
6.374829460765647049e+00
-3.138359608120302724e+01
-1.075063279775611278e+02
-4.385773433778646790e+01
3.747807369241247244e+01
-3.446218711847734095e+00
-1.220019712548886588e+02
6.310118014450941892e+00
4.285371480764236907e+01
3.619562267448947068e+01
-6.013645049839077217e+00
-1.895443377190626277e+00
2.254999018814584755e+00
2.996402681227204878e-01
3.324519699277806239e+01
-8.714994644662931478e+01
-5.158995875337777370e+00
-6.570908013254934588e+01
1.299713793870959648e+02
-1.637925612431173477e+02
-4.233885859678808572e+01
-1.537783706653420097e+02
1.339864824082429209e+02
-1.093973571648392777e+02
-5.106434343805982934e+01
-1.240649587346822642e+02
4.039790949719904489e+00
-7.012757620543840886e+00
-1.250956715310322487e+00
-6.256970229725983934e+00
7.381173650141278131e+01
8.153576232823844805e+01
-2.014045561091544911e+01
4.290007287223320276e+01
3.876389557136267285e+02
1.886018586524731333e+01
-1.333401096499633809e+02
-8.844743039581005917e+01
4.350246729479868577e+02
-8.450909885376023567e+01
-1.560426214483344154e+02
-1.772678306321473656e+02
1.786743647919144351e+01
2.270664886273167760e+00
-6.608920397607959352e+00
-3.323456863514941961e+00
-7.092653406092336965e+00
-1.401311281588611735e+02
7.104451497542950023e+00
-9.470267008626227323e+01
-1.642253627159520235e+01
-1.764732951273059882e+02
8.123934231176361820e+00
-1.244761867695470556e+02
-1.726657823880560372e+01
-5.427718924466933004e+01
2.988728143961648875e+00
-4.397302911623022936e+01
-2.785849564301226877e+00
-7.986326116831436117e+00
1.291639179701467022e+00
-5.053407380836939744e+00
1.222415459161377349e+01
4.828068336412005834e+01
-3.873410018023978107e+00
3.074979775355067346e+01
1.106013150381496075e+02
5.611960230182743459e+01
-3.875913625851632105e+01
1.187485834368260029e+01
1.345599395545178822e+02
1.265185741300256872e+01
-4.753871749483936782e+01
-2.336555181386813729e+01
5.344894560105598380e+00
3.296654908281701601e+00
-2.058132256958517647e+00
9.304136547393597745e-01
2.756132098729933233e+01
5.540207296889321675e+00
-6.560264199111753847e+00
7.377788632187758100e-02
1.628257040390121233e+02
-2.392791853379090838e+01
-5.548517072245674342e+01
-6.075647960703016537e+01
1.850149616714934950e+02
-3.983730136244299302e+01
-6.660512440229186382e+01
-8.173804755391532240e+01
8.148610801655328473e+00
-1.257221474220896251e+00
-2.922900287048414647e+00
-3.201245397290418460e+00
1.908333121948240318e+01
1.227400649123427883e+02
-8.623703444474973168e+00
8.174002144103108947e+01
1.350120234929922560e+02
1.460003434929706998e+02
-4.832704551532014392e+01
7.064328035376581738e+01
1.602342144261168926e+02
3.683033489705122321e+01
-5.471265420359038956e+01
-1.016927369355684618e+01
8.657873468664007532e+00
6.491981916541424980e+00
-3.367790113100132654e+00
2.322786581386010685e+00
1.075003983501573401e+01
-9.889928122973509517e+01
1.978929490073111808e+00
-6.878149748076081949e+01
1.234589470646374281e+02
-1.367532562050813851e+02
-4.039264070371164905e+01
-1.326153126293087894e+02
1.490576555215272663e+02
-5.420177618810916442e+01
-5.592668451857795731e+01
-8.761214194412261236e+01
4.650982915461757905e+00
-6.080291277594828792e+00
-1.475177820182234756e+00
-5.735147568871592050e+00
8.048337097883791103e+01
8.851921308134519961e+01
-2.270899878258691018e+01
4.550719722660607403e+01
3.587685783228014884e+02
1.134615229868382258e+01
-1.234022621973902432e+02
-8.601657213628261900e+01
3.902908575205688066e+02
-1.056649853022361043e+02
-1.402786652657332525e+02
-1.796960118797758241e+02
1.572415868194461730e+01
2.297334678230035454e+00
-5.847716944381413207e+00
-2.707209668692103222e+00
2.431025565438661928e+01
1.235961118996920192e+02
-1.114870846816640793e+01
8.090842688805996374e+01
7.129884578395898131e+01
1.283081244753461192e+02
-2.625774798098970919e+01
7.465499744704034413e+01
7.033429222380301837e+01
9.908131483177008647e+00
-2.265404829134955023e+01
-6.275965154695412274e+00
5.389927680688902711e+00
5.417457810333761614e+00
-2.158613160079158710e+00
2.435599730590545242e+00
9.063786301247672483e+00
6.663125883336748601e+00
-2.042980178945453584e+00
3.324725189793654501e+00
7.261027053721826974e+01
1.228079470393696804e+00
-2.491604970600511493e+01
-1.835394104738665888e+01
8.626413521287813069e+01
-6.873704402847271133e+00
-3.093161268204109149e+01
-2.854311187632865909e+01
3.570505359288545399e+00
1.687649223332234327e-01
-1.303081084868583428e+00
-8.714275667749440402e-01
-7.483992207606234182e+00
6.698340053631210367e+01
-9.533221881597758740e-01
4.791148449632701301e+01
-4.476981399585996257e+01
9.829136582823608137e+01
1.403386433544377354e+01
8.330715614566882721e+01
-5.015405070561232037e+01
4.576115320191161828e+01
2.005859264504059780e+01
5.056983857488795309e+01
-2.175859903554412389e-01
3.714861834831864940e+00
-3.970857083681986893e-02
2.763942412998200204e+00
5.950617966766851730e+00
-4.794626558572938535e+01
3.697851163060197344e-01
-3.300221912771301902e+01
4.258399616177789682e+01
-7.009961422504029827e+01
-1.357435337126193531e+01
-6.267761384557245208e+01
4.817953225066314360e+01
-3.147562531854216417e+01
-1.830899388684041185e+01
-4.096834379635183154e+01
1.950862847785143295e+00
-3.642814157798000441e+00
-5.800983773064497528e-01
-3.214255668625149998e+00
-6.461024527135239559e+00
-4.209642262106970634e+01
2.882534444092087256e+00
-2.671135742764383991e+01
-3.138792561236615697e+01
-4.822837626597560501e+01
1.151775099882524245e+01
-2.724822447013257687e+01
-3.626006236432694152e+01
-9.112756233270330242e+00
1.249788930911736529e+01
-1.142057481570322830e+00
-1.037380660768818297e+00
-3.044644626889938088e+00
4.916620450331599113e-01
-1.947332423635401710e+00
3.856821454616869715e+01
1.645689740065617812e+01
-9.523443922759243563e+00
3.979318646328535269e+00
1.980160879728056500e+02
-2.583514044146596333e+01
-6.765047655673096472e+01
-7.089830516329053012e+01
2.210832565610462837e+02
-5.852451774670591789e+01
-8.010868787966465732e+01
-1.023652564607047140e+02
8.235552879993583986e+00
-6.481417786073057075e-02
-3.014660315896846132e+00
-2.337907733861818826e+00
2.588576845890829148e+01
-6.535484796772279026e+01
-3.612860090997409568e+00
-4.892036494675132730e+01
1.410772085395003899e+02
-1.187451366565091746e+02
-4.673688175446560678e+01
-1.239930169593647520e+02
1.569016427116021646e+02
-7.566511847154291104e+01
-5.842242201870556784e+01
-1.039980555375217648e+02
5.430022472067387085e+00
-5.135489973231567973e+00
-1.807736647866275970e+00
-5.269730516797874742e+00
3.643283145456809535e+01
3.619756326800392543e+01
1.859814917101935094e+01
-3.892087368006744263e+00
-2.134589549058995317e+01
2.396631263207063611e+01
-3.521503617151720533e+01
-4.298184867427912081e+01
-8.090400307634322985e+01
-1.519029172308592734e+01
-7.338179683674908915e+01
-4.854241328588756943e+01
-4.631152018575638074e+00
-1.156463877906446003e+00
-1.818651669632115331e+00
-4.959212249044942844e+00
-1.472507799321343569e+01
-2.267904478515633571e+01
9.217276052474556991e+01
-1.051589051943786899e+02
1.326667920952428119e+02
6.674954149065962383e+01
1.877910757788915532e+02
-4.414225278542965647e+00
1.987805874792906593e+02
1.201499722885568247e+02
1.358156698482581817e+02
1.321161846001691629e+02
3.719900957852245060e+00
2.187234479627981898e+00
7.298125909516568477e+00
-1.015561843981393153e+00
-1.316439116428196030e+02
-1.248213291442599768e+02
9.714629828042214754e+00
-5.891270740473293444e+01
1.518391264254502175e+02
-2.199107047090986811e+01
2.195614106981088582e+02
1.189346195015068162e+02
3.910290146037183945e+02
1.349044459717682969e+02
2.907709737956358822e+02
2.257250910961963086e+02
1.450996042401678388e+01
4.293428727965038050e+00
7.800867151214910145e+00
1.315087582926936527e+01
3.962734639744804355e+01
3.378833981966509725e+01
9.611097881901335427e+01
-9.368300857376584645e+01
7.706824988711900914e+01
7.695569256981676176e+01
1.087257898464432628e+02
-5.109137038483040527e+01
4.492253597981981983e+01
5.902563508542142756e+01
1.815509825867056293e+01
5.881456251466652674e+01
-2.065941633660782983e+00
3.774621504169939912e-01
4.439569052222109846e+00
-6.341007579971965846e+00
-4.824674833809807240e+01
-3.880585963061341204e+01
-2.099432606775417653e+01
4.541230344137106023e+00
1.968600624342042238e+01
-2.806859563647010702e+01
2.851651109187538324e+01
4.703242647193550852e+01
9.401804418504805483e+01
1.311515621487814620e+01
6.657229672117354369e+01
5.288807805386240091e+01
4.172637184698905877e+00
8.317078207000504486e-01
4.155429700197805776e-01
5.243768040182777312e+00
-3.679625484857677975e+01
-3.990476512246825536e+01
2.126201899785132099e+01
-4.335046463992380694e+01
7.498901449936084873e+01
2.668092772411065461e+00
1.140720744046890474e+02
4.140903104195566442e+01
1.526137838917092608e+02
5.576447064776895957e+01
1.271343336586771215e+02
1.083831555192426350e+02
6.318701730662466431e+00
2.060565949124297802e+00
5.306599453632638408e+00
4.549664761466827301e+00
-6.055300412988168546e+01
-5.489262480165182723e+01
-7.070909610393506739e+01
5.013910575032405603e+01
-1.717297016209070648e+01
-6.985328036226097481e+01
-1.676452647378303240e+01
7.762616272486188507e+01
6.366597277407780808e+01
-2.226726466478832833e+01
7.127363947656436949e+01
3.128190288930107954e+01
6.447793169535866120e+00
1.053912326364769170e+00
-1.482586678324793183e-01
9.124804178268732358e+00
-4.454498499060254524e+00
-6.721706079618847696e+00
8.424274162236710595e+01
-1.025668695436272913e+02
1.132422274565952449e+02
5.330720453791333568e+01
1.661916077191145291e+02
1.395142818511353189e-01
1.553996941082507703e+02
8.005449473420134154e+01
1.114261971070483099e+02
1.344139781111381353e+02
3.573490327422049972e+00
1.785653992445986438e+00
7.032190868917157722e+00
-5.786340212695048058e-01
-1.328034547056250290e+02
-1.270355206191869115e+02
8.791846637529717512e+00
-5.056086464916177192e+01
1.471092418568561015e+02
-1.589029189716720936e+01
2.068808428450077201e+02
1.088767615233172563e+02
3.877904490457397628e+02
1.467089885634197515e+02
2.779100453752505473e+02
2.022703174704223272e+02
1.323276967668208570e+01
4.048746953850518970e+00
6.570653346127623529e+00
1.206149294051749443e+01
-4.326495964970415997e+01
-4.507891397497096619e+01
-7.057836906688574174e+01
6.281872519145944977e+01
-3.323603393761112557e+01
-5.888340311293222129e+01
-4.329463118521604770e+01
5.471184691595991723e+01
1.993173743437094814e+01
-1.974787369967317829e+01
3.839455737492608733e+01
-1.398531956723847003e+01
4.217498925359683071e+00
6.539259110193444968e-01
-1.155216719822150351e+00
6.714790908258258639e+00
-1.994585451965017242e+01
-1.840473611391803033e+01
4.490915080854144037e+00
-1.511223049124522255e+01
2.825452352351108232e+01
-3.759410313251002833e+00
4.282703287085498545e+01
2.152463788798901945e+01
6.566073647826256376e+01
1.894732343988912504e+01
5.185773946467832474e+01
4.666407028199801488e+01
2.736703388402158765e+00
7.835855861234498621e-01
1.796603539297837226e+00
2.348800695787911064e+00
3.901018371986967992e+00
2.678571867422617103e+00
-5.676757777504816005e+01
6.140613750580710928e+01
-6.790756281678169159e+01
-4.218563431991115209e+01
-9.256156378083855429e+01
1.248186130207577804e+01
-9.535154119051362898e+01
-6.055467293591571121e+01
-5.092629519824921402e+01
-6.487177596922174416e+01
-5.029897098288746982e-01
-6.999779657517282150e-01
-2.836719165772384699e+00
1.848153899940050637e+00
9.033521468522081932e+00
2.813884140816593327e+00
3.984352525551118163e+01
-4.587855401989712334e+01
4.792219897647095905e+01
2.736331090768766927e+01
7.295543873447914507e+01
-5.974343774197614643e+00
5.085733015216148800e+01
3.283683697042030047e+01
4.523396833744283185e+01
5.250660942867074965e+01
1.427897144256146111e+00
8.557050407508522971e-01
3.769554834575737701e+00
-8.472791197346732917e-01
3.033410753955530126e+01
2.243338250646491616e+01
2.342547775114177711e+01
-1.993647363451115950e+01
6.457389653727592993e+00
2.036291680740794163e+01
1.398665128857008533e+01
-2.198266241099758034e+01
-3.455893743828051612e+01
-2.438666428846899326e+00
-1.371016545832665479e+01
-1.475338565827198689e+00
-1.039812262507241458e+00
-1.360378113393542364e-03
1.741415153493019119e+00
-2.488517057368281993e+00
-6.635683944316686222e+01
-6.176655101730859343e+01
2.446801231925140030e+01
-4.872791806710448981e+01
9.632315931426639111e+01
5.026593546586893169e+00
1.357708702898966919e+02
5.156076473678468375e+01
2.232700052461834446e+02
8.837393882979495174e+01
1.551982953298739005e+02
1.282640469148224156e+02
6.894480328456812579e+00
2.237949380099267582e+00
4.394166081130129520e+00
5.519770416028787707e+00
-1.982270819606585732e+01
-2.428075502950332165e+01
7.137389505806474688e+01
-8.884540769673138527e+01
1.137168065763351450e+02
4.577577356912352968e+01
1.644365407256896958e+02
1.035358137318185179e+01
1.797211199835418256e+02
9.354483898566542166e+01
1.294654488348006964e+02
1.292015595577297802e+02
4.484083196958660089e+00
2.068105199435726682e+00
6.696259064897517099e+00
7.190497525039659665e-01
2.902027808145518861e+00
-3.268060104059092197e+01
-1.748205843175094198e+00
-2.349961031170825621e+01
1.991028739224959310e+01
9.688183606240547974e+00
-7.651542711039043709e+00
3.649751770161192788e+00
2.116613630555774250e+01
-3.898580205130611631e+01
-7.716024237913173600e+00
-3.073531937452835194e+01
4.000017110928479980e+01
-2.451828293718609686e+01
-1.442546355960101678e+01
-2.967933875447528180e+01
-5.458929456025635574e+01
2.552382430641454505e+02
1.770082679579777007e+01
1.989311586491117509e+02
-2.112364206836807625e+02
-1.542150812175253805e+01
7.579897202019310498e+01
3.717689887106929802e+01
-1.371059899613983930e+02
3.346987807743518033e+02
4.329287329262650985e+01
2.715094630149019395e+02
2.760377639898763391e+01
2.318445899920102988e+02
-1.187355441203074591e+01
1.707420531065304203e+02
-1.885508866097021041e+01
1.382499610576925875e+02
4.387728034238510766e+00
1.066498333507415310e+02
-1.371041090308456774e+02
2.173094553428946973e+00
4.732114309813549369e+01
3.626548486930585824e+01
-6.110080763916175783e+01
2.125009991702834498e+02
1.731482575147992264e+01
1.707512738904293883e+02
1.509956133501065949e+02
1.688107941819116320e+02
-5.439169261062164651e+01
8.648232522577886527e+01
-3.473646921605882198e+01
1.364385503601109804e+02
1.189386556494741320e+01
1.084218476315540016e+02
-1.123974304814945810e+02
-3.882930160904137118e+00
4.047927537756871885e+01
2.190099623996878009e+01
-7.989546953892340753e+01
1.709186600596847541e+02
2.599955030238718479e+01
1.414551645465147658e+02
-2.933859678448779107e+01
1.175605692038264039e+02
9.327802374542017105e+00
1.006159558499639672e+02
2.021213831536443095e+01
-7.895082845914771497e+01
-7.994023969317714418e+00
-6.035199129704938770e+01
4.468902945909417213e+01
1.882004714268023804e+01
-1.765170572735533128e+01
6.065777354865175219e+00
5.120625899130227054e+01
-8.164749234806627953e+01
-1.785441757858626488e+01
-6.569399308379932734e+01
9.682119487055319951e+01
-3.934178164228391239e+01
-3.372971001891443876e+01
-5.720124022707262412e+01
-2.404105671656320453e+01
1.293637457471789958e+02
9.498283595810788071e+00
9.864860851863709001e+01
-9.430373606347994553e+01
-1.869869361147306464e+01
3.480952017378922392e+01
5.465213691101625137e+00
-7.917564906396215463e+01
1.582590263343248580e+02
2.715423247005720953e+01
1.283674868961597610e+02
-8.426211875624341019e+01
1.044188331739128301e+02
2.967240653082304647e+01
1.043137191594235134e+02
2.212318458450009118e+01
-7.070904591895197200e+01
-6.324741059822167166e+00
-5.784735580308176139e+01
6.448435319986650427e+01
-4.202461118688160191e+00
-2.275267885291318848e+01
-1.893097511392060994e+01
3.486030332532077836e+01
-9.328170699058848925e+01
-9.885787034678941154e+00
-7.698207291717683631e+01
-4.690214584636851214e+01
-6.445823025901887604e+01
1.794931701804121715e+01
-3.710506460365527914e+01
-3.195508316539562443e+01
1.421040703860420251e+02
1.166141476636964569e+01
1.118080767844845695e+02
-1.166502586786105553e+02
-5.988648057826227777e+00
4.202263759156578260e+01
2.055097174265693738e+01
-8.660219792412023310e+01
1.791921830666937296e+02
2.902350512008758443e+01
1.485146160281192920e+02
-5.772943297683134745e+01
1.270122829372843967e+02
1.997382267365732389e+01
1.162639782521919329e+02
-2.301960813239739778e+01
1.582331256584364212e+02
4.185117658901916116e+00
1.225946953406106559e+02
-1.619386960165638243e+02
5.581643053383997355e+00
5.554357499780314811e+01
4.675620556740310008e+01
-6.130620554715514459e+01
2.501564113432945078e+02
1.541814995040971148e+01
1.996315173076181964e+02
2.452051278253161684e+02
1.978382363628628298e+02
-8.863874207276504080e+01
8.106300715050858230e+01
4.693824839291950823e+00
9.313923715601703179e+00
-7.069892010308074237e-01
3.013250673848478112e+00
9.128545744747523116e+00
-1.886921129547192422e+01
-2.103130056964850780e+00
-1.718852144323816589e+01
-6.242136138543720847e+00
4.574883460008492442e+00
2.957305408340195285e+00
-6.778596588539077816e-02
-4.894951916980547679e+01
-7.859935918017999512e+00
1.764968517020145100e+01
5.347652280929512614e+00
-1.916664606166673890e+00
1.603606621869246140e+01
8.789005600946113717e-01
1.231658846955126663e+01
-1.451266484137489243e+01
-3.396987032386556971e-01
5.113034076177264353e+00
2.812105862887488872e+00
-1.025499006782332856e+01
2.222837008518057189e+01
3.597890982233676649e+00
1.849232721791659984e+01
-7.911202848231154050e+00
1.823381173342360384e+01
2.956439395524201430e+00
1.663561005864466580e+01
1.525158697919318485e+01
-6.297448904316932072e+01
-3.486822777047371424e+00
-5.161018325500686643e+01
7.054285595700737588e+01
-1.152502636381985646e+01
-2.392439308091804762e+01
-2.696993575451661584e+01
2.627641304267914180e+01
-9.833430101623474684e+01
-6.525060991490457596e+00
-8.113187860238481619e+01
-1.015691244839144503e+02
-8.071014593638794565e+01
3.695167757249102891e+01
-3.434317848780656846e+01
-2.640038104374692551e+01
1.201945462420638933e+02
1.049103943117977344e+01
9.248779283691420972e+01
-8.292420167915821594e+01
-1.835523710071348447e+01
3.106962796488737411e+01
2.567546370868923677e+00
-7.684961613048128015e+01
1.388884720331668916e+02
2.664903811996077465e+01
1.134683002188983778e+02
-1.092778170334002681e+02
8.602844688023711228e+01
3.838598031248544373e+01
9.766989829436109005e+01
-2.046597151971016260e+01
8.711148814950212227e+01
9.108876293003907776e+00
6.617277029707321390e+01
-4.743761074299322189e+01
-2.202377887955497471e+01
1.896657014402893893e+01
-9.221209957709547211e+00
-6.229860355691119622e+01
8.716081197764226829e+01
2.268704824406500720e+01
7.119798648508938754e+01
-1.526828647633017226e+02
4.343201949367162484e+01
5.405976193162051402e+01
7.689051367865569375e+01
-1.259977353175514914e+01
7.975446672997267683e+01
2.207632191685129364e+00
6.295482812193990441e+01
-8.811506711815661674e+01
9.001871437332868098e+00
2.985767784123613922e+01
3.001173486570234772e+01
-3.056230351718744842e+01
1.301641410921416195e+02
7.414464143814768704e+00
1.051632297589003713e+02
1.409336939321494242e+02
1.078244335839697072e+02
-5.082189622361929793e+01
4.302728891729371696e+01
-3.907846917873085602e+01
1.854450536630389479e+02
1.331315534454738625e+01
1.444450177496185859e+02
-1.518895762248665449e+02
-1.183458503380501980e+01
5.464686581435425694e+01
2.530077592101782713e+01
-1.040461159245422067e+02
2.402066864603433487e+02
3.368492456030258353e+01
1.957961282464744386e+02
-1.483534677532143675e+01
1.673112853447515249e+02
4.118699794438017037e+00
1.337031300961206455e+02
5.083545995364574566e+01
3.426088745762725551e+01
1.893612568243118943e+01
7.494453929428978256e+00
3.036435273233805177e+01
9.054175428074188403e+00
2.109865792851999711e+00
1.383981849163937206e+01
7.043889031643796272e+01
3.796206066232711862e+01
3.368347421946385367e+01
2.425278548747533680e+00
4.360234044381569873e+01
2.173234854575038710e+01
3.752809612228776359e+01
2.400770090991738215e+01
-2.120745755639370316e+02
-1.498416533670165052e+02
-1.944718840349531206e+02
1.724808225580053289e+01
-1.945411354585620813e+02
-4.658426689580782920e+01
-1.017916320239662582e+02
-9.321556357131611037e+01
-2.933852251975375793e+02
-1.732122413166970318e+02
-2.990161946217111790e+02
5.635221098436867493e+01
-6.253616026112080561e+01
-9.489726421313943661e+01
-1.409353342899073027e+02
3.333440058344250900e+01
-6.560235079692103000e+01
-5.546117108447670319e+01
-1.050625591589845982e+02
3.076837565442532352e+01
-7.355567540448581099e+01
-3.432008168488926092e+00
-8.183624380309078106e+01
-4.021086996091829491e+01
-1.144035014231823197e+02
-8.100422305122729938e+01
-1.814186821556664313e+02
4.887650726033805171e+01
5.833954307093896396e+00
-6.912092597648842229e+01
-2.520851320820580810e+01
8.338296673697368533e+01
-1.234652243630237081e+02
-8.625100353276391729e+01
-1.058118252961812118e+02
-1.824651936542735831e+00
-1.167503090337789189e+02
-3.196604511077865141e+01
-5.580040718472510974e+01
-4.890920890036021262e+01
-1.637957330657820876e+02
-9.499386552175253939e+01
-1.570073482270213390e+02
1.790768769946937056e+01
-4.370345492195590964e+01
-4.780291935341255538e+01
-9.719842613169947754e+01
-9.582838586563125816e+00
1.106818502024377153e+02
7.091224067183223667e+01
5.632253695099743140e+01
1.088947546787337473e+01
8.116889482954944413e+01
2.921934785236617671e+01
4.914622906547807091e+00
3.801287634389027659e+01
1.385990875933112818e+02
7.054554824907303612e+01
7.669158463331609710e+01
-4.092092216053409004e+00
6.350562860599167436e+01
2.247305448676528883e+01
8.242209832956962146e+01
4.134805114390537284e+01
-1.531967912177563846e+02
-1.047254772899075590e+02
-8.965802336599088562e+01
-1.348478567776800041e+01
-1.150015510322370886e+02
-3.293805822118391546e+01
-3.340963812490250717e+01
-5.025338711173882444e+01
-2.078627216026822850e+02
-1.154552067701094842e+02
-1.419202917735897813e+02
5.948088364495279556e+00
-9.685808697332340955e+01
-6.189006991101177135e+01
-1.161588104320188819e+02
-4.557247271096795771e+01
3.412904064399859294e+01
2.491314032969136605e+01
6.191577106786883888e+01
-1.507809334335768803e+01
5.099066891060971329e+01
1.189868314397009641e+01
3.853146748241913144e+01
2.499716656969900441e+01
4.355707549280231206e+01
2.851087692823397290e+01
8.603381884073633046e+01
-2.640749822492925958e+01
-2.509223864439399776e+01
1.049774532115124615e+01
1.972757215970144529e+01
-3.848128256540464065e+01
-1.429878647708691233e+02
-1.006036983730561758e+02
-1.051892304770120745e+02
-1.144622123750639453e+01
-1.246145779427187108e+02
-3.372658721789348846e+01
-5.625096237623179007e+01
-4.911287952472505935e+01
-1.939202614360246457e+02
-1.122585515859492489e+02
-1.633076078492195222e+02
7.524468518269965323e+00
-7.501906029468013060e+01
-6.327875846140505445e+01
-1.176847310378229139e+02
-3.410159312840867329e+01
-4.506344221729590771e+01
-4.357701833838571304e+01
-1.257603319600117686e+02
5.425758124486540623e+01
-7.060198186767763673e+01
2.889483629921790975e+00
-1.006558231948432081e+02
-4.655074599663013402e+01
-9.188021705681845219e+01
-7.329471541359050946e+01
-2.124888004549013942e+02
7.666938277821080305e+01
5.333239304040556306e+01
-6.693560166805285405e+01
7.532271186392162754e+00
1.455490323260586933e+02
-4.165969876678256867e+01
-2.493783808501394716e+01
1.467916437777120553e+00
-5.081151694902430016e+00
-1.067001846304948565e+01
-5.577077403520477539e+00
2.131009874793188530e+01
-1.107772426289974632e+01
-5.627814025803426290e+01
-2.565554373224931695e+01
-1.102362761963399107e+00
-7.659167886360983557e-01
-4.446624979312521475e+01
-9.601709165650410327e+00
-2.055013317943732787e+01
-2.273357254086928592e+01
-1.770612605899333758e+01
-1.319391649833306879e+01
-1.044476857339350673e+01
-3.298109212693048686e+00
-1.351402039745584105e+01
-2.855401111383525592e+00
-7.624523028810186176e+00
-4.268635561773534093e+00
-2.628170658144337679e+01
-1.593264690371996295e+01
-1.950453150448800343e+01
-1.893678274303239650e+00
-1.520049047560882549e+01
-1.220291729921276058e+01
-1.594345983213312401e+01
-8.152918782887066840e+00
6.787128357316613680e+00
1.052935788486277247e+01
5.527146340111105616e+01
-2.070567661352590960e+01
3.210910408478408584e+01
6.540325717673004524e-01
5.042930267018319057e+01
1.567008267276132827e+01
1.753981813010182123e+01
2.003954202717357447e+01
8.691536372410723743e+01
-2.836796594682606809e+01
-3.886767263790873272e+01
1.984151276668852759e+01
-2.193443357254548864e+00
-5.945217824749376234e+01
-1.515841019817992787e+02
-1.016569918910173271e+02
-8.467876617924611082e+01
-1.715004963179691444e+01
-1.152009331584239220e+02
-3.633004706461282751e+01
-2.615541203372830736e+01
-4.899508408315043795e+01
-1.990774500701521958e+02
-1.077762637225127094e+02
-1.273638497300718626e+02
1.628161015617107799e+00
-9.436681624441818883e+01
-5.068552947575238932e+01
-1.193450501761349187e+02
-5.623203631017983639e+01
-1.414216529858143758e+02
-9.163828823516516309e+01
-5.792599498349454734e+01
-2.534748665487188646e+01
-9.779777185406504714e+01
-3.587767141037459595e+01
-2.467152546048464679e+00
-4.056539899546538663e+01
-1.795263585519067249e+02
-9.185402352603216514e+01
-8.248591256662422211e+01
-1.045451635978099603e+01
-1.031434901321548381e+02
-3.570974981322467556e+01
-1.155320496623720317e+02
-7.983013807534543105e+01
-1.199693948522824272e+01
-1.638648056521027385e+01
-6.530264484641743650e+01
2.838284272625221050e+01
-3.361690214402510435e+01
3.585313778407590579e+00
-5.985730058400342557e+01
-2.013172811318177580e+01
-3.356233741865381148e+01
-3.242406105420266726e+01
-1.111499384608360685e+02
3.829339028467741457e+01
3.715209107285603096e+01
-3.493542111377026060e+01
8.034319815366787410e+00
7.962321659226911663e+01
-1.679929921224664895e+02
-1.183270660328179673e+02
-1.387375901264432514e+02
2.800623449893786088e+00
-1.481008818513637095e+02
-3.705812569717414817e+01
-7.176247942782124767e+01
-6.692912062896837710e+01
-2.314371757222282042e+02
-1.352183290994519211e+02
-2.153686952560562702e+02
3.011834764898221195e+01
-6.804579807834301164e+01
-7.545055601240551368e+01
-1.206379270183485630e+02
-8.339133010245504130e-01
-1.629830316029304171e+01
-3.922061242004316739e+01
5.657190441950255000e+00
-2.458094070651064555e+01
-6.501762152099443881e+01
-2.981192286776339628e+01
2.270612215867530992e+01
-4.417004500040978776e+00
-6.881323422776524978e+01
1.175195956473333503e+01
2.395113192496708621e+01
2.662369846977107102e+01
-3.921434202096101718e+00
-1.052212840811236783e+00
1.467498559415331805e+00
3.368326161492157245e-01
1.245402751896940572e+02
2.524618765091233854e+02
-4.671309902377996082e+01
1.548899530658904951e+02
1.446320514610243038e+02
1.163820455044904350e+02
-5.114672489239649167e+01
4.533347579090233381e+01
5.783610877031794217e+01
-1.841134957642287873e+02
-1.609992254050812832e+01
-1.535824422043620530e+02
1.331403904543916994e+01
5.186662818294244248e-01
-4.944034912868747078e+00
-3.495271885682502244e+00
8.795141828561686737e+01
1.267015082374030044e+02
-3.239371968631311915e+01
7.101156130931603627e+01
-2.476784664588540963e+01
-4.283949959866252932e+00
8.437794781891078344e+00
3.305276499563005288e+00
-1.264692381884107419e+02
-1.830415292910774951e+02
4.650282468556001447e+01
-1.021165657294570650e+02
1.707368008238871471e-01
-2.281611330245738145e+00
-7.974706368737007056e-02
-1.816713570833210278e+00
6.391126460633792306e+01
1.309354707697566766e+02
-2.370129038179213410e+01
8.187490937793678825e+01
1.150175493066592338e+02
6.711109237073169709e+01
-4.025364711322040279e+01
1.744128457495807893e+01
8.275860458999305536e+01
-8.481897939841442735e+01
-2.681931123614785761e+01
-8.792665376089901486e+01
1.001788879239439467e+01
-1.661333981718617347e-01
-3.665868309125957403e+00
-3.007682989254539585e+00
-2.450675307773087397e+01
-9.118533897150528844e+01
9.521735929916991026e+00
-6.057088508750255329e+01
-1.298243527563783459e+02
-9.238899123454093854e+01
4.570937028618969578e+01
-3.240835368286635543e+01
-1.455986142947844257e+02
-5.826333730918174858e+00
4.985447526207727975e+01
3.428542402986202831e+01
-9.266789171395403812e+00
-2.820068779259956582e+00
3.459804689998767113e+00
5.551116588924305262e-01
6.172167903113848553e+01
1.376444696083677570e+02
-2.228116231542925263e+01
8.628874333172778677e+01
1.722093951894507597e+02
8.818252791204562868e+01
-6.020569491306640941e+01
1.795614244314583985e+01
1.616399059325753456e+02
-6.435447761858928573e+01
-5.516359847189885812e+01
-9.165007990462822818e+01
1.208284722353801044e+01
1.749199218169875891e+00
-4.477870794180510039e+00
-2.161797681488560219e+00
-3.078025011281684087e+01
-6.247677857398839052e+01
1.228041249154715153e+01
-3.864897055185843300e+01
8.300829745625518896e+00
-2.285557129393286857e+01
-2.574161544984050032e+00
-1.838427143449740697e+01
4.438636752364242710e+01
5.406215741540690800e+01
-1.722750856988442081e+01
2.959110092984350615e+01
-1.668866272237395920e+00
7.441134104269445659e-01
6.048960871441759757e-01
1.062653483357981710e+00
7.176697375886031693e+01
1.378418447317838229e+02
-2.583239991420335713e+01
8.550099532220075105e+01
1.565113224765923974e+02
6.676868927086074734e+01
-5.447568657092099187e+01
6.160478137443917035e+00
1.291264171232058686e+02
-9.449841454480322511e+01
-4.340083946393121295e+01
-1.079145767293597657e+02
1.216495168052603582e+01
-2.382344142444134671e-01
-4.445777498310468090e+00
-3.662578892362080563e+00
9.904965440998573456e+01
1.424910555014944862e+02
-3.741726434341594398e+01
7.879997305937484953e+01
-1.041433687402083308e+02
-1.547464476696270097e+01
3.574516934150232572e+01
1.636204835895984999e+01
-2.428324098460035430e+02
-2.220395526776352710e+02
8.811166075904812089e+01
-9.885695200505281832e+01
-4.130955588397152489e+00
-2.892040559892694596e+00
1.477565478380200137e+00
-1.079245257851832118e+00
-6.682650437866270998e-01
2.600742256957186527e+01
1.328870897045273947e-01
1.749217186773869415e+01
5.207494457718996728e+01
4.330720333446409143e+01
-1.850237372726410001e+01
1.804611162420114212e+01
7.076988422882479313e+01
2.504875883660605140e+01
-2.495144601045526400e+01
2.635272938474475524e+00
2.250592720096806332e+00
2.746251091203680161e+00
-9.090886657949135419e-01
1.396608836339200188e+00
1.087523113944795128e+01
1.512597382981714667e+01
-3.662521535514545956e+00
8.817580847611095507e+00
2.376775608187167421e+01
2.397763590704603320e+00
-8.176425928593671344e+00
-4.651378501858874692e+00
1.964530701289553605e+01
-1.732058973319685791e+01
-6.809656687419995968e+00
-1.861909307909070677e+01
1.573921256548058256e+00
-2.384316218436730306e-01
-5.701678222040532651e-01
-6.251495284200256908e-01
-3.888381045880736053e+01
-4.823848017311945569e+01
1.470552660653939014e+01
-2.648198632938256836e+01
4.950059826433714250e+01
1.759684567589677329e+01
-1.720407031185481372e+01
-1.231096376161493547e-02
1.075591911263960867e+02
9.228126428916962709e+01
-3.908155877596448136e+01
4.135703330206892758e+01
1.328544884742736132e+00
2.356915995746342141e+00
-5.201989271406410875e-01
1.410459259994748749e+00
5.161494843660848630e+01
1.289267524699122589e+02
-1.878046137244373881e+01
8.261444963350636783e+01
1.811565055812880587e+02
9.733575014435884043e+01
-6.335867812611134298e+01
2.213255156920796551e+01
1.840397818738332205e+02
-3.888388399471497081e+01
-6.302934545366204588e+01
-7.916334961450226615e+01
1.288228173041235713e+01
2.083856895178861190e+00
-4.764853599766341041e+00
-2.133472039958789424e+00
3.002134438861602916e+01
1.014853164571495086e+02
-1.082397114928813764e+01
6.755035848653400876e+01
1.944286804297057074e+02
1.042902460382500323e+02
-6.798957227006680171e+01
2.378240644312299068e+01
2.248233531113446304e+02
9.252637657697526663e+00
-7.790545034313616668e+01
-5.377430114360896596e+01
1.307537301843042599e+01
3.078644902087313895e+00
-4.845821943047560865e+00
-1.432052552678120039e+00
5.348848712530417515e+01
6.606783520756876271e+01
-1.998300791108205132e+01
3.526859933229150812e+01
-6.562677017695840220e+01
-2.423821163802574574e+01
2.275774479272239859e+01
-3.395961838860024340e-01
-1.439689162351114646e+02
-1.271538896915324557e+02
5.199084327370739800e+01
-5.639971050744772185e+01
-2.645683184848063529e+00
-2.487228720291269290e+00
9.805973916653637490e-01
-1.147463701675938363e+00
9.187910836398339143e+01
1.838308939859914517e+02
-3.393733115577721549e+01
1.131222205929171594e+02
1.423967127032010751e+02
8.747145784521896417e+01
-4.996913038755089786e+01
2.505585133872623516e+01
8.959239926167479950e+01
-1.296354500593632793e+02
-2.863256808518619678e+01
-1.219740310362058011e+02
1.183332157059682643e+01
3.604803068998503335e-01
-4.370382022205486550e+00
-3.154410160083300774e+00
2.122639805325366780e+01
2.420108144541990214e+01
1.503642454370909398e+01
-7.112544562637928891e+00
-1.078719953550794308e+01
1.615310924573131146e+01
-1.914529119285661096e+01
-2.693612839344855914e+01
-4.575750304673002944e+01
-1.008482902465917341e+01
-4.737430411375128614e+01
-2.426113488153079700e+01
-3.052866960583180855e+00
-8.122839820970746416e-01
-1.314571545503932182e+00
-3.198845725822190289e+00
-3.751463294541358806e+01
-1.002603955380751160e+02
-9.823156992704261370e+01
9.992217222525859199e+01
-7.862287230846670028e+00
-6.085654850395251003e+01
9.738745010950809800e+00
7.467952308963603514e+01
6.067053522778083874e+01
5.197837156430357197e+01
1.644385697025189188e+02
-3.843193316438690488e+01
1.114422769840968819e+01
3.879770992263279705e+00
6.564516563585422126e+00
1.044412684450960249e+01
-3.582822687626825431e+00
-4.811782129086276427e+01
-3.477941339613018101e+01
6.084586329733497223e+01
-6.069906849748601729e+00
4.359472361545063457e+00
-1.233745992276648984e+01
-6.284982880412060879e+00
1.144342430895888363e+01
7.221426646455208243e+01
4.994746341635365638e+01
-8.796259735832897775e+01
1.671225131197012326e+00
1.531155831832640368e+00
1.508963952141949116e+00
5.199106554149712789e-01
-1.763874252732449932e+01
-5.329201887633904988e+01
-5.107667496272893004e+01
4.375722677038315567e+01
4.200676505183029263e+00
-3.838410064424601131e+01
2.507177928121210542e+01
5.189914331437944384e+01
3.930326200345604803e+01
1.879969199336700925e+01
1.101637919241342303e+02
6.967237158670578800e+00
7.795906590117161805e+00
2.542129889361326001e+00
5.457129392509155963e+00
6.948651345502431909e+00
3.408240070292698931e+01
4.187614404878360119e+01
4.623184927985074921e+01
-2.726048106369510649e+01
-1.356860079450509460e+00
4.869184502776038670e+01
-1.667818510474694449e+01
-6.204418172016085720e+01
-5.200408564311467785e+01
1.112729030704219824e+01
-8.411493226204684959e+01
-4.157373557178308943e+01
-6.754777822417513455e+00
-1.582320191882352622e+00
-2.927566051781796741e+00
-7.463088692972453586e+00
-4.544488458039740664e+01
-6.961919194193343685e+01
-5.371103256307919338e+01
3.621605848793534932e+01
1.975084875040576549e+01
-4.875810919259733822e+01
4.498943889293612841e+01
7.400885208954862549e+01
9.758223640793751485e+01
2.611292209733661451e+01
1.391791013884632093e+02
4.459693687796526973e+01
9.391363140316233427e+00
2.739788166748088116e+00
5.150072882264660201e+00
9.212993044728623460e+00
-9.008129694060405868e+00
1.337278859416567123e+01
2.701736239365321524e+01
-3.487228297844693259e+01
1.841826217781098762e+01
1.133709964001219817e+01
1.990950915943945887e+01
-4.106596588312340756e+00
3.169502000325550028e+01
-2.963426194954772441e+00
-1.492589460861281836e+01
4.082988638721001706e+01
-1.490671278901601005e+00
-7.123075769155691184e-01
-1.396303030048875460e+00
-1.133212960409068382e+00
-2.829676099947313972e+01
-6.485680746343362557e+01
-4.908394638344766747e+01
3.630260849762010622e+01
2.061405926142022338e+01
-4.017178339519406904e+01
5.026926177612354252e+01
6.397723713996719397e+01
7.657551787095920304e+01
3.155337911472219758e+01
1.420699805024559907e+02
3.178709359933764844e+01
9.470236330557311177e+00
3.061283366516315496e+00
6.660564999042836831e+00
8.307931602898390722e+00
1.049733828793857882e+01
-4.257151817846182240e+01
-4.171021088541330357e+01
8.511143885972326473e+01
-2.959725345734522506e+01
1.413567696427838349e+01
-5.287119439686426148e+01
-3.183378493170747703e+01
-3.651863348864854686e+01
7.918934938028139925e+01
9.700921514985992644e+00
-1.516719732466461892e+02
-1.119653152394146867e+00
9.992781200449680767e-01
-4.369268607474159349e-01
-2.103609396898339590e+00
-2.918424813245948712e+01
-1.882008174429150316e+01
-1.605859555287285900e+01
6.877075040283901153e+00
2.416113232743249295e+00
-2.001082578674507317e+01
1.960086212872521827e+00
2.646221310099502588e+01
4.325495871384482882e+01
-2.347620900128912780e+00
2.292019313792829038e+01
2.416667168738860738e+01
1.717249293802006971e+00
1.342524184296833289e-01
-8.248168827203348208e-01
2.877193148994741989e+00
-4.936068238326855706e+00
-9.695074215833606956e+00
-3.015815950032509907e+00
1.271360715996440405e+00
7.498746692663128321e+00
-2.423202608018003357e+00
1.275715999356299690e+01
7.713850016050044722e+00
1.824976879060414703e+01
9.599852581531086670e+00
2.276824813889028931e+01
7.899809101268722600e+00
1.278523934280840324e+00
4.555259011995873575e-01
1.008345187824574607e+00
9.883603424253807335e-01
-1.794291789403130721e+01
9.002669594878014436e+00
1.225321285462533716e+01
-3.026258997113386684e+01
1.258240053189271102e+01
-9.498188503104898928e+00
1.785590752570675477e+01
1.811133859524413126e+01
3.479012400640220903e+01
-2.605383684921527276e+01
-1.763480953038800703e+00
6.253297001476791195e+01
3.757229520171533887e-01
-5.257386644908103035e-01
-9.152936902565560473e-01
1.365620400967249459e+00
-4.329929935443569633e+01
-6.408907331218985348e+01
-5.423640250584149669e+01
3.226545113932776587e+01
1.713580318975772343e+01
-5.405108680051884562e+01
4.444037304447589776e+01
7.870457995429742937e+01
8.944284251083567483e+01
1.117861561814195426e+01
1.362193544238196807e+02
5.564150118948094814e+01
9.705930599160140559e+00
2.670051651286833749e+00
5.380037436733021039e+00
9.665746120012338238e+00
-4.731508161335458595e+01
-5.533233654942512203e+01
-4.780918273098656357e+01
1.825287490826844561e+01
1.927934084700699557e+01
-5.771669224260359954e+01
4.776027590666010525e+01
8.389364130630671923e+01
9.424739564093729882e+01
-6.018761852860148309e+00
1.270973214760621914e+02
8.060387709039326865e+01
9.493850220741512302e+00
2.299608417922019310e+00
4.811086051742928582e+00
9.925835990055416502e+00
1.343281516661371455e+01
-1.787353261682878625e+01
-1.532522405090110063e+01
4.038456570404945012e+01
-1.288504928887765288e+01
1.459142842959125375e+01
-2.344539580984994842e+01
-2.408732690166060308e+01
-2.638954228148351433e+01
4.540059010968315789e+01
2.669134474347371722e+00
-8.324992847587964206e+01
-9.345147296314070262e-01
5.588310327334152783e-01
2.299551867951785122e-01
-1.910250789598243015e+00
-3.355141429606243264e+01
-7.876916315634349530e+01
-6.948781603545324970e+01
6.416603447306735575e+01
6.368855750749674804e+00
-4.779748311748781475e+01
2.770827921398777249e+01
6.579726693397657300e+01
6.858139868448203913e+01
4.041180272836918874e+01
1.437811456158953547e+02
-2.497059111158678846e+00
9.614506445847043281e+00
3.218894655251808512e+00
5.965248578418468561e+00
8.856856694693306054e+00
