1.488143214383127022e+00
-1.023292961816323121e+00
-2.817145483621751101e+00
-1.087918375925649883e+00
5.513288815369575824e-01
3.313306657513311326e-01
-1.008141769142157917e+00
-4.374407391546153434e+00
-1.297407908347569361e+00
-4.401186770334979959e-01
8.232998789605544543e-01
-1.791315766053449998e+00
3.256916490025146160e+00
-5.206537062424818618e-01
-1.785748287428192249e+00
1.466178078606999557e+00
1.400527160470779409e+00
2.551926356467767221e+00
3.028202972854696196e+00
1.405162762210918626e+00
1.790758976423235227e+00
9.766444210995666175e-01
-4.640512807444495125e-01
-2.917353447826892543e-01
2.350154950235526119e+00
1.229191196787815965e+00
-2.283037541234381074e+00
4.673039638543427694e-03
-4.112491328175046923e-01
5.700916649614421461e-01
3.288344746070381297e-01
-2.629229062239955006e+00
7.136132158680360549e-01
-7.975236762359666498e-01
1.657601264944867481e+00
1.947971560420405368e-01
-7.861484237481522475e-02
1.801994281777216989e+00
-1.029600635964535105e+00
7.601852472532860672e-01
-3.022820189857403861e+00
-3.232965525535896223e+00
-1.087828383257437359e+00
-2.666442772857376742e+00
-5.057045503145611853e-01
-3.306885145368481993e+00
-1.455273312288569043e+00
-7.872424500166465278e-02
5.412236681367181834e-01
3.931551547978474059e-01
-6.540912103489635587e-01
1.915556298414872460e-01
-8.442803383024839459e-01
-7.903465904408901732e-01
-1.687240483473569475e+00
-8.163357380521513162e-01
-2.201313175398844080e-01
-3.388985162767419457e+00
6.798254330263909795e-01
-2.839773737189903891e+00
2.430552258617493799e-01
3.917580621487787296e-01
-3.703445449455196048e+00
1.220472941861954902e-01
-6.258753595863173619e-03
-1.472390756965149983e+00
4.669769260325253302e-01
2.061382751996743423e-01
-2.479549169146458620e+00
2.421534299784610655e-01
-2.857229811348534820e+00
-1.108714030438856302e+00
