4.996033252323215934e-01
-1.007480148937335729e+00
-1.221937987024527494e+00
1.189744824342815921e+00
-4.547768868891085559e-01
-1.169901304027208822e+00
-6.175809431095520274e-01
-1.387594490726487662e+00
-4.800711746015222658e-01
-2.090479707013357946e-01
1.347982889646982763e+00
-7.109179856563004052e-02
-1.063288351764344331e+00
-6.487153319276328656e-01
-1.288486968731796578e+00
-1.684332075891596947e-01
-8.572437654284280617e-01
-3.470046418271927058e-01
4.085422376258296961e-01
-3.733854182179123793e-01
-2.122831337085961501e+00
-1.269000794304165236e+00
-1.220844927055018569e+00
1.029151308873682558e+00
-2.127510509463391930e+00
5.130015362317615901e-01
1.702069768467024402e-01
