-9.169236028923400950e-01
-9.783952509639310957e-01
2.853269152938364250e+00
-2.075981034512296208e+00
-3.350342987488041935e+00
6.610649627599732625e+00
-4.002891025416201565e+00
7.087387478714473055e+00
1.291270638744003563e+01
4.584514273662271044e+00
5.051931320176319851e+00
-1.488149528093850549e+01
9.212174198935130676e+00
1.528614541572531316e+01
-3.003397135788572925e+01
1.930652519187382055e+01
-2.490188323792095915e+01
-6.787450081086356590e+01
8.210265438669138438e-02
-1.639594604849424486e-01
3.727401264121998348e-01
1.417953531965724823e+00
1.648722418064406225e+00
-3.789891466152174093e+00
9.520898777073610875e-01
-1.174694286831658552e+01
2.628324985682409576e+00
-4.885087444431071901e+00
-5.663555505196116613e+00
1.614178762168652526e+01
-9.181746389212889881e+00
-1.595440350400722984e+01
3.033362020258765313e+01
-2.054581942165336983e+01
2.082097516450005870e+01
7.480064576119806929e+01
-1.874059334725941550e+00
-2.223864668421400292e+00
6.515692011425557872e+00
-2.924288252732620830e+00
-5.296279720289651216e+00
1.009515305303042787e+01
-7.462469602139370828e+00
2.589271297117513360e+00
3.028478339957758436e+01
-1.607524233547773074e+00
-1.510566411973797152e+00
5.365056368272443699e+00
-3.088322420877555707e+00
-4.512120612817257737e+00
1.020677263259610612e+01
-6.165019718091378387e+00
7.436286740391749639e+00
2.322227037835687469e+01
-8.692067947994305266e-01
-1.255355289883503200e+00
3.394640304664106711e+00
-5.913711554521285940e-01
-1.780914637566054504e+00
2.686506683174159527e+00
-3.217894323360563913e+00
-5.694552560419001708e+00
1.663277485574358394e+01
-4.677649319547427798e-01
-3.260601652238189763e-01
1.736969467273336898e+00
-6.380434843284253921e-01
-6.293089107447920050e-01
2.318760463014693851e+00
-1.359865614806204492e+00
-1.958409467976433838e-01
6.975091549301533966e+00
-3.016700007520756177e-01
-2.676341645982660555e-01
1.064631600906014608e+00
-4.840205562675580220e-01
-6.576977444622071900e-01
1.672778046226212068e+00
-1.045489518916105309e+00
5.318781646734639379e-01
4.527817610715995755e+00
3.449375130577896797e+00
4.131347470988439241e+00
9.629521932424535136e-01
8.087352047097629892e+00
1.594340146028981842e+01
2.612265845939070630e+00
1.477504206562384681e+01
-2.227327264009377927e+01
1.971073215309286031e+00
-1.804069877150860890e+01
-2.933982236154209033e+01
-5.508128794100189296e+00
-3.680792692710800651e+01
-8.157953951093487888e+01
-1.243650458120762003e+01
-7.907661164288310829e+01
-3.386247577133849163e+00
-1.768383231525543309e+01
5.085132068477907774e-01
8.852760533020859413e+00
6.427300723742060962e-01
-4.553575300064827580e+00
1.181348044176997014e+00
-8.589976289204011017e-01
4.492844139012631466e+00
1.206565724444378560e+02
8.006586986337396183e+00
1.960646562814667249e+01
3.611973545536216790e+01
6.239350132762605305e+00
3.724779132762360234e+01
8.944252228292972973e+01
1.299203721022693792e+01
8.784895729563463362e+01
6.026453517985203945e+01
2.291330515541972801e+01
7.936213291629774069e+00
1.828306490510420090e+01
2.749925417075811840e+00
1.243110371245182222e+01
3.502843599965450494e+01
4.651501700199751177e+00
3.624558338717910999e+01
8.281242438681539397e+01
1.283005493618916759e+01
6.492751957183184430e+00
1.114319988709782727e+01
2.025399504105036108e+00
1.246850275343707715e+01
2.665610203598883388e+01
4.169641828152911955e+00
2.725760478672215470e+01
2.338630386994416099e+01
7.418462941034486668e+00
4.171355226635019342e+00
1.425410049904186671e+01
1.725663604078713220e+00
3.387429393722162896e+00
1.839192796699697041e+01
1.797157074665741705e+00
2.068814074313426943e+01
1.100872232835379378e+02
1.096685874221967083e+01
2.104067154728567424e+00
5.074570436038149168e+00
7.493540112516987595e-01
2.819852180713137813e+00
7.014449477061740268e+00
1.012544414928189696e+00
8.506228353724214486e+00
3.681520732772584381e+01
4.048098130519282023e+00
1.290700034578670330e+00
2.781120839644762643e+00
4.378445516311716967e-01
2.043275810883177002e+00
4.930259772706053312e+00
7.194765260998142731e-01
5.427179153592240013e+00
1.463127712439277239e+01
2.060310298545795948e+00
5.925231370077427506e+00
-1.379064557468953645e+01
-2.059282066488797369e+01
6.028460756880122062e+00
-1.797250180294673783e+01
-2.462521766957459235e+01
8.200878194267304799e-01
-1.970653495412986178e+00
-3.089531155518744576e+00
-1.987942421624637390e+01
5.629496385565425243e+01
7.821185172634703520e+01
2.195615869034673207e+00
8.869734593898763819e+01
2.026108041525307968e+01
-1.253258141683055493e+00
9.066979206744248287e+00
6.776029017788669506e+00
-1.043998293942812694e+01
1.429941223149633878e+01
2.691741418583471201e+01
-3.395649354945755505e+01
1.944658641576724634e+00
1.082373091111773959e+02
-3.006710459984013539e+00
9.320286317910912999e-01
9.191603387305525175e+00
1.676607938463414627e+01
-5.379202703944234543e+01
-7.233717413740146185e+01
-1.825181767811144695e+01
-9.596837948346755809e+01
2.840933053329068514e+01
-4.483719197450738991e-02
-9.407408472417822409e+00
-3.060518073403652117e+00
1.299008792058716333e+00
-1.404330472912428007e+01
-1.468155887933559534e+01
-2.383239369483039383e+01
-3.588751455692376169e+01
6.453339191579517831e+01
-1.502318747282465949e+00
-3.178662592066633152e+00
3.356092308812895109e+00
4.512317041423648867e+00
-1.721077557704314742e+01
-2.087210995760116461e+01
-7.103649391551126513e+00
-2.793417901093551947e+01
1.393673522890686733e+01
-1.482151089087538898e-01
-2.832894725092947485e+00
-5.223094719883122350e-01
-5.242081068026684498e+00
1.358499685751841435e+00
7.901254482140505964e+00
-3.121985841465959766e+01
-1.716768660889614395e+01
9.369861087483809570e+01
-2.459547959334325462e+00
-1.065793716350764697e+00
6.898250803627226979e+00
-1.540785072704406344e+00
-1.655362099675166565e+00
1.338518580459155061e+00
-1.056560226796569957e+01
-6.258111388144378395e+00
3.156446522795600984e+01
-8.073486168641332839e-01
-5.153132885050641931e-01
2.209558649285653154e+00
-8.228472685978528711e-02
-2.091788898252430862e+00
-1.525564387596189508e+00
-4.227547399455128030e+00
-4.834620128378643855e+00
1.191474706072329504e+01
-2.857521924543893754e-01
-4.414002511344946589e-01
6.941659515841067662e-01
-2.349891914212627242e+01
2.711070265959834202e+01
-3.702186465720167963e+00
-2.827650782239983585e+01
-4.300489879571778751e+00
-6.733775837263348940e+00
-3.551823780051084789e+00
8.810888276190201873e-01
-7.523746309185672665e-01
8.966841626762175110e+01
-1.276256058026581464e+01
1.973130204665942244e+01
1.960089830250239373e+01
-8.086165028056873538e+00
5.865182983246479687e+00
7.578184152524639394e+00
7.995139683934820996e-01
1.887476775726633971e+00
3.026316476030268987e+01
-1.292620658087502648e+02
-1.053771547559813282e+00
1.281064716143135911e+02
3.105135561254648024e+01
2.926084531255757426e+01
1.078697681084032567e+01
-5.465805501196914662e+00
1.991379747283802626e+00
-8.324462234928714111e+01
-4.669908232072169341e+01
-2.191523340601484549e+01
3.840819125284043878e+01
2.338753199792659032e+01
7.260153258804931120e+00
-3.185842910590012345e+00
-3.432542132005724334e+00
-1.119042816654959083e+00
-1.723243212661229862e+01
-8.184164632040111087e+01
-8.996525939939337135e+00
7.821654682061777919e+01
2.433802528025114498e+01
1.728300916627353345e+01
4.095643200346583690e+00
-4.022680018767666787e+00
5.510217135560577795e-01
-2.397975624969185660e+01
-1.975184641874739810e+01
-6.738102861398969523e+00
1.789174574349344837e+01
8.323849852400355687e+00
3.637129095528340628e+00
-4.887790171229093872e-01
-1.271621993555320573e+00
-2.510753656831615777e-01
8.504316630392137810e+00
-1.144568522137205377e+02
-5.112182764578330207e+00
1.118336877608630289e+02
2.987026390373373275e+01
2.524917043042960785e+01
8.174316391662607373e+00
-5.123579799520102895e+00
1.405896658145084466e+00
1.405711325208246931e+00
-3.811156082785483079e+01
-2.058122949562234183e+00
3.769651883391811253e+01
1.003483146358900058e+01
8.497291222673400313e+00
2.626177696265788786e+00
-1.722910745543372535e+00
4.427604589630291798e-01
-1.801888584174222485e+00
-1.471552094251310905e+01
-1.330428023695026329e+00
1.435202486236140906e+01
4.178785771421522632e+00
3.196765308797731908e+00
8.375309734913686244e-01
-7.016057537371686026e-01
1.251556735637567586e-01
-2.904593400556010785e+00
1.658649811854151279e+00
9.886637956133194294e+00
-7.246950996042824222e+00
-3.047739897260985376e-01
2.338020485239554347e+01
-4.452158870165001225e+00
2.824656791806151901e+01
2.269012435589627685e+01
2.147490563140784126e+00
-1.956672703758586707e+00
-7.369600241538105223e+00
5.585766831123966547e+00
-1.159473496267207526e+00
-1.798056488367225825e+01
2.135955125601070481e+00
-2.290073662947835231e+01
-1.368552171448813048e+01
1.168363086588692390e+01
-7.858807430283469841e+00
-3.984698493929508345e+01
2.955488971357448236e+01
-9.706225688417748909e-01
-9.526230826630676063e+01
1.605975737184264673e+01
-1.172063459452741228e+02
-8.616778167238619801e+01
6.072548513713457163e-01
-3.753434988361697755e+00
-2.301887920203536719e+00
2.657342157975437047e+00
-6.269257328490732917e+00
-8.332379553305756303e+00
-4.391293687426354175e+00
-1.603306321815770019e+01
9.858416183287191714e+00
7.183003378021844298e+00
-4.304109754547742028e+00
-2.445601918806086061e+01
1.800254907227131440e+01
3.984328546869783660e-01
-5.805705616738499941e+01
1.070536025322951090e+01
-7.057337158169382008e+01
-5.521410327318970701e+01
6.299283659762723531e+00
3.387267542991475811e+00
-2.093285895941957975e+01
1.342278712042067035e+01
1.372089060007418659e+01
-4.376668290199933864e+01
2.060825394070699801e+01
-4.092831336477288318e+01
-7.903347641384735311e+01
9.083486445804366483e+00
-7.621871307919499294e+00
-3.108600896009474468e+01
2.348002056568287443e+01
-3.572586843328708017e+00
-7.557921043923201410e+01
1.011968774601407084e+01
-9.557676405785539941e+01
-6.052114525288624236e+01
7.549286817448357390e+00
1.419077214055395109e+00
-2.527914773807188098e+01
1.695317946297115697e+01
1.150599016711473155e+01
-5.507374516224832917e+01
2.055688990177000264e+01
-5.673263628614699883e+01
-8.344263599981212565e+01
2.767663055853647247e+00
4.755034824604160160e-01
-9.270615477632581758e+00
6.230469080201416432e+00
4.135397812766020031e+00
-2.023652500242862473e+01
7.466692153422062717e+00
-2.093388874920243126e+01
-3.039879663262532006e+01
1.164276915310895433e+01
4.774663419756095095e+00
2.814411535853986290e+00
2.775125141630491044e+01
1.321714128592686421e+01
6.715518339055262409e+00
2.546720710875571569e+01
9.572643341482230950e-01
6.183321079711238788e+00
-8.628689913419274049e+00
-1.337908015775522763e+00
-1.969850685112677358e+00
-2.123273669262698604e+01
-3.981736137051912650e+00
-4.799489608565789212e+00
-1.506477686316318021e+01
1.087428296769473723e+00
-3.709011003830899433e+00
-4.684191808748863650e+01
-1.539308272521015297e+01
-1.112013478315366122e+01
-1.128964136660441682e+02
-4.373733971003449739e+01
-2.676401145320425101e+01
-9.619006158287899666e+01
2.554689828091067927e+00
-2.323737496025793092e+01
-2.473614334554712801e+00
9.812545409964682719e+00
-2.305759620619839481e-02
-9.384877034820538810e+00
2.428706958552157857e+01
-6.788336618019915614e-01
1.254582683548206035e+01
1.633609613580194875e+01
3.275992864999335286e+00
-2.878529116356991224e+01
-1.106915459063156604e+01
-6.918540370919028959e+00
-6.888192058782901483e+01
-3.107237857143792326e+01
-1.657205901386285163e+01
-6.186720257382527421e+01
-3.988497386566949854e-02
-1.493004366684071726e+01
-2.513479740523095174e+01
-3.216751302879265495e+01
-7.234073080450766469e+00
-5.298798927463495545e+01
-8.409818695412319300e+01
-1.607925272006891504e+01
-9.168159202222373949e+01
-3.107236738047102520e+01
-2.244908169302862078e+01
-3.643820024535828139e+01
-7.202359612781054743e+00
-8.397179716296662377e+00
-8.934801147756886053e+01
-2.200019987068362681e+01
-2.048326290988824638e+01
-6.686959023364205734e+01
8.863009554884422769e+00
-1.606911882851112949e+01
-3.016624938786916843e+01
-3.030733407879701602e+01
-8.242458634652837901e+00
-6.622235814858667879e+01
-7.983067670556694395e+01
-1.869699458573504458e+01
-9.609651362057402935e+01
-2.631147082423074224e+01
-2.348902360056301220e+01
-1.105968806651281966e+01
-1.096744827424175739e+01
-3.014232326013675856e+00
-2.432568506566475008e+01
-2.891149208085236211e+01
-6.845155549964748509e+00
-3.499460086772538858e+01
-9.406657816792392879e+00
-8.549871842592530413e+00
3.160373834755096034e+00
-3.446399075922753497e+01
-2.043987327859720438e+01
-2.354384491356767306e+00
-7.236787695325685554e+00
5.107438548385029975e+00
2.096214205616992177e-01
-2.518238500894526055e+00
-1.450542248007728352e+00
-1.060321626798810479e+00
2.547888457870938339e+01
1.109879555500552861e+01
1.429314244792161182e+00
-1.968893628419560837e+00
-5.015199589452746132e+00
-1.075418211352517223e-01
1.389507798359495228e+00
7.687413174300669061e-01
-1.094414442500345253e+01
1.390133370362595997e+02
7.647824268448225382e+01
7.980198714371715241e+00
1.729911778025871172e+01
-1.941259867213269885e+01
-8.532501127998350920e-01
9.389051887320922773e+00
5.607691434529353813e+00
4.576634840723320607e+00
8.100260017333850371e+00
-1.261659805394157807e+01
-3.263571771922091802e+00
-3.242959369783388723e+01
5.146244157343029535e-01
-2.651683946940877612e-02
-1.613153207115827659e+00
-4.896197962719853192e-01
-7.622483780327897307e+00
8.543084358993800720e+01
4.984596042734113297e+01
5.219663282089288536e+00
1.591335421171421594e+01
-1.132323903270744481e+01
-5.509807371205863724e-01
6.110961645945143239e+00
3.642880951093078412e+00
-1.802195692700889396e+01
7.345132492852218320e+01
8.005639148665454741e+01
1.142169721394577486e+01
8.540330747130397526e+01
-9.895841499254451890e+00
-6.127037608422836179e-01
9.886285172383294295e+00
5.146333632598946828e+00
-6.143472529764093970e+00
1.084225130990440107e+02
5.185826463578715106e+01
4.667795441623634467e+00
-1.626941284460476478e+00
-1.480722817181200845e+01
-6.441225912243457863e-01
6.346306517410556403e+00
3.972468209235797243e+00
-1.737325383410231083e+01
8.851119495714679886e+01
8.242836622133762603e+01
1.131045848490665406e+01
7.599737476418735582e+01
-1.233729995699581394e+01
-6.736530191509145782e-01
1.017504894022714623e+01
5.408638196093175310e+00
-6.302407729019232185e+00
3.246353025386633107e+01
3.000240084245706740e+01
4.090944240458314063e+00
2.741627741582275490e+01
-4.482159631835248348e+00
-2.472981641228939875e-01
3.702368385181466159e+00
1.974159476885028131e+00
-2.248814601436323102e+01
1.482793009730858813e+00
-5.552052417634672388e+00
6.396733524661340375e+00
8.971640967301565128e-01
1.241434831085188817e+00
-1.594396395217582585e+00
-1.925438520041419799e-01
-4.135712051577741799e-01
1.187581349530484864e+01
-1.837335112210993326e+00
3.046457359881638016e+00
-5.832358643101567708e+00
3.868638190707562874e-01
-1.268820029341725553e+00
8.417739422225166690e-01
2.195657821116031930e-02
2.149736891953270834e-01
8.361771090695172859e+01
-1.090881811615498975e+01
2.058271363456629288e+01
-2.380158025957731383e+01
-1.006718333959814249e+00
-4.713689001617011876e+00
6.178436649037636563e+00
4.208934702177531961e-01
1.573790521969524958e+00
-1.539673899053370931e+01
-1.251962180043854822e+01
-3.846646871044868909e+00
2.227894194834588060e+00
6.806426778632164165e+00
9.348252581909885506e-02
-5.067303139924518307e-01
-8.909753504989561534e-01
-2.018357617496698009e-01
5.475883695619636171e+01
-5.834683265530720142e+00
1.342112626794260954e+01
-1.417169134505813233e+01
-1.457937559302209030e+00
-2.721068790190170450e+00
4.013670007772232928e+00
3.599315807432623693e-01
1.027918986238201215e+00
9.121523455989152751e+01
1.655522213440105617e+01
2.226478077746411799e+01
-1.594684698291174740e+01
-1.502531705254300043e+01
-2.219885055824053932e+00
5.620126728322515142e+00
2.104615620018605693e+00
1.569279357166386779e+00
5.597179043022868683e+01
-1.340419825009905175e+01
1.378363827185440726e+01
-1.741580169397903077e+01
2.202777026155105400e+00
-3.620761037727420195e+00
4.389119279403955964e+00
-6.514403387335862550e-02
1.087929418224913514e+00
9.326140943145688311e+01
1.240359292904738986e+01
2.281825224090016491e+01
-1.836433982833858636e+01
-1.307128829735700037e+01
-2.847475629009427855e+00
5.914817080510717417e+00
1.886065865980726564e+00
1.625932123570116961e+00
3.393241620847076945e+01
4.363078930295763769e+00
8.299490286480789791e+00
-6.662028660207096387e+00
-4.694517696353893932e+00
-1.033859443312465265e+00
2.159406213904984551e+00
6.782158631634631618e-01
5.926686227836331922e-01
