6.720272495367189958e-01
1.115728012262885871e+00
-1.982040125115822338e-01
4.613838304916362265e-01
-2.821829428272710327e+00
-3.773554678669323592e-01
9.565346217703409870e-01
2.956678188384990746e-01
-7.063198395110008576e-01
2.009188831764637584e+00
2.047274499065883657e-01
1.840670906358059300e+00
-5.985013597999458979e-01
-2.387553555286623663e-01
3.025816137462778443e-01
1.851099361337745219e-01
-2.436969731043246767e+00
-1.597006062108156543e+00
-8.774841955889289835e-02
2.224281838736421046e-01
-1.693702426800159699e+00
1.439407348088596605e-01
-1.404909453037856970e+00
-2.234241936202225887e-01
1.497443952334269190e-01
-2.964120446118878038e-01
-1.905633413022852940e+00
-2.287755954182807069e-02
-9.517731009143586274e-01
-8.116189162432203563e-01
1.632445956738792434e-02
-2.154658281693039523e+00
