1.943046712401347520e+00
-1.030574310061967758e+00
-1.427571051084439713e+00
-8.077214184687335763e-01
8.109565811490544729e-02
-8.621890901303053134e-01
-2.122900989386541148e+00
-3.598712657087547728e-01
1.608990086462462443e+00
1.294827839024704996e+00
-1.096823408279748169e-01
-1.059931847042253628e+00
-1.723018515918910865e+00
-2.628551984882712134e+00
-8.438795138402366280e-01
-2.148084584276060416e-01
-3.287918217803970644e-01
4.052151838113459692e-01
2.248671810014718719e+00
-2.092516877480656845e+00
-1.191363584730032565e+00
-1.039434470355276918e+00
-1.765160803772360731e+00
-5.733157004130055023e-01
-3.513471735909285076e+00
-1.895741163823333464e+00
-1.660934995584614216e+00
-1.549643790543767219e+00
-8.723236377251936124e-01
-1.141155481351837864e+00
6.574006363294114808e-01
-5.677479421438712537e-01
