-4.706399135811020762e-01
-1.994208508012602410e+00
8.727641849546676767e-01
-1.718772704463512824e+00
1.399202597997040609e+00
-2.009389135269943616e-01
1.824258023953087227e+00
-8.292061544235794779e-01
3.965612343578970300e-01
6.706849933192554625e-01
2.899583291546116159e-01
6.502005298193459515e-01
-8.974928515340272472e-01
-9.294838609263634810e-01
2.120714664370426938e-01
-1.135224243788645726e+00
4.575860653453642235e-01
-7.992731582267140755e-01
-1.750413038588882531e+00
-9.030789866745252414e-01
-7.742007325234554482e-01
-1.188219501626691876e+00
-5.090593343958037531e-01
-1.988408953840869797e+00
-8.371472770802778074e-01
7.702045276746646296e-01
-6.495647210108207448e-01
6.110090740681571875e-01
-7.174130397784026503e-01
-1.904655973435520344e-01
-9.382255841589712819e-01
-1.267392622532863111e+00
2.467439921740640640e-01
-1.259339472225802448e+00
-2.520815044634586943e+00
3.598706110307063888e-01
-4.735221936241925111e-01
-2.038984505029109717e-01
-1.027485866540058836e-02
3.177227557878140596e-01
-3.476180216970684356e+00
-6.393448124768180696e-01
-5.003062807822550306e-02
6.613732078903883371e-01
3.930940435189107518e-01
8.611317850794570905e-01
-1.641985078889978356e+00
-5.898314883667428177e-01
1.036997400877344155e+00
3.906809662930240019e-03
-4.211930761314307547e-01
7.762623079147507044e-01
5.902609807563283795e-01
-1.309623526858890497e+00
-1.435021244733481138e+00
8.209692617335190290e-02
9.191410902046837084e-02
-1.895958633701235518e+00
-1.967239837047511652e-01
-1.274908599986568580e+00
-8.444052761875554536e-01
-1.100360091031399534e+00
5.263893562607695475e-01
-2.187870303821021212e-01
