6.585420911387419096e+01
5.361866423170008034e+01
1.252175766499754239e+01
-4.328644134918434361e+01
5.330436678512337068e+01
9.106814424484593928e+01
-4.335730083802561552e+01
4.742724298007055950e+01
1.074907595638786972e+02
4.626860685932300754e+01
3.192170119794811001e+01
2.356013062768485611e+01
-1.672430170281307582e+01
1.061269376733869478e+02
6.127076027153233895e+01
-9.736990498967827534e+01
-2.677773815310883876e+01
4.775950668920556552e+01
6.847429164322525708e+01
2.322334259684388869e+01
4.644374064894081044e+01
4.601951347285044136e+01
1.213883530750147628e+02
-2.183746600473122967e+01
1.043971663375786676e+02
-2.768776458799023032e+01
-8.775968478662950645e+01
5.248374519332568156e+01
4.217595959623645285e+01
-6.383535366240391085e+01
2.254633046344645564e+01
-5.274403889879924812e+00
2.474449887946026365e+02
-5.802868398883595091e+01
1.690533883025203687e+00
-2.079741533432355993e+01
-1.005376420025803128e+02
-1.239704159030494957e+01
-5.510096216548901538e+01
-2.570921683886430742e+01
-7.969305221307537579e+01
-1.981721483090552738e+02
-1.240570192783220591e+02
5.630742332571872311e+01
-9.026460053503040371e+00
1.153870582310601023e+01
-2.147793388091056954e+01
2.370181629779368748e+00
-5.933054745594642299e+00
-1.706807275397182977e+01
