-3.307086723188963617e+01
3.458387244152245188e+01
-4.904880627063363363e+01
-2.975197163404125433e+01
6.112118338432871667e+01
-5.512053985044185112e+01
1.689047772861906793e+01
5.509631985439801838e+01
7.916428347605068438e+01
7.336290646672753724e+01
6.913333474440936754e+01
-1.042350282900358849e+02
1.313232502765285936e+01
-1.277870637818208053e+02
-7.249628329452256992e+01
-2.659672475261968572e+01
-1.719692295220079714e+01
-1.262940018114289273e+02
5.185658774627891177e+01
-9.362135199061150104e+00
-7.125398578515601855e+01
2.693232598309774062e+01
-6.962672994535576265e+01
4.343152333626495931e+01
-1.683876467266146904e+01
-6.534742534280405835e+01
-9.056823949734468471e+00
1.362087095621250654e+01
1.694048691466239731e+01
2.373855045872134184e+01
-9.685585892934979313e+01
2.053245119652485329e+01
5.481841425584740968e+00
4.548261323516449295e+01
5.303973496896293227e+01
-5.167463954351517508e+00
6.741020117901570075e+01
-4.625253691621724528e+01
1.055492117504862364e+02
1.244719116988665348e+02
1.336601344411623131e+02
-7.035622114663827631e+01
9.046007428397819794e+00
-1.491493667696871528e+00
-4.140149149978029186e+00
-2.029051732408810338e+01
-1.596588932583326326e+01
-4.648109846231617581e+01
2.832588561304294572e+01
2.760508971706615000e+01
9.393206479642495665e+00
4.921156438199530214e+01
-2.500784398314967305e+01
3.917242010841346200e+01
1.077250274135566244e+01
-9.503634148478047905e+01
6.200699304573420534e+01
-2.867674539031915160e+01
4.878563924725480661e+01
-1.623683531020911985e+01
-1.039367552497309433e+01
8.160773598467775969e+01
-7.527071366915879480e+01
8.120909169345176792e+01
-1.699926778641215108e+01
1.091552826904748059e+02
-8.247909010660253060e+00
-2.162385986642048863e+01
-7.242144503116710652e+00
1.134919486870285610e+01
6.316347324777702710e+01
4.967671625480804209e+01
-1.096172118749067792e+01
4.309417709993387291e+01
2.526693714315699424e+01
-7.905513008867588098e+01
-5.327681177880912777e+00
-1.183995251180724324e+02
-7.632584211036848920e+00
-2.960836045980923004e+01
-3.649562625740447430e+01
-3.008329535942191768e+01
-7.601492741335275305e+00
6.886376315790758440e+01
-1.221927629106089519e+01
1.363404999193048894e+01
-8.641256828062367390e+01
-4.962286913077655015e+01
-1.133945154636842290e+01
-6.191385896056050342e+01
-4.498531852005871201e+01
-8.036588045286185533e+00
-1.037773586171605444e+01
1.967353154661194736e+01
-2.253487691868397391e+01
1.323754572082014036e+01
2.442194814277972803e+00
-1.837199097244494084e+01
6.102667376593976911e+01
-5.643270561904903104e+01
-7.762322847888732724e+00
2.923091564036235113e+01
-3.053981966890135169e+01
-7.962137973442446537e+01
-2.385656707368327467e+00
-7.444563568381425966e+01
-5.274340066816729689e+01
-7.147123755971483661e+01
-8.556270368139661286e+01
-4.148998158044669538e+01
5.653573306745806093e+01
-2.823952260325149766e+01
-1.397207054358463552e+02
-5.195120623450085873e+01
5.334206803009020348e+01
-1.058227552948776662e+02
7.539888579721139017e+00
6.732589054132587592e+01
4.099063095771092735e-01
9.243031429582149627e+00
-1.388440519924174588e+01
-9.541401598892871760e+00
-1.080725337583625745e+01
-2.207940422970306216e+01
-5.784818140043526569e+01
