2.674391239570749335e+01
-1.113254328179630619e+02
-1.623393473954359578e+01
-1.399707914096732111e+02
-6.590910414442049614e+01
-1.466169596634848560e+01
-1.571572343882419602e+02
2.205258102747215343e+00
-1.078859256996035185e+02
-7.017052878983582787e+01
1.305324951784933774e+02
2.538557547006231374e+01
6.889084103659145697e+00
-4.575717377597095492e+01
3.524377633161817158e+01
1.328223733358174456e+02
-2.497822467110946931e+01
-2.554221175509792019e+01
-9.217816625704320188e+01
-7.977803919519149645e+01
-1.653030674670108340e+02
-9.221336255348049349e+01
-2.312739202545568062e+01
-8.032230957046631659e+01
-4.111187917904521072e+01
-3.944210850621377062e+01
2.087223154677267445e+01
2.581822791490134250e+02
-2.804315460090349887e+01
-3.753632639625864442e+01
1.287111385631046687e+02
-2.753393385619434852e+01
6.113784552272626627e+01
4.689881902663021407e+01
-4.506593337609598571e+00
2.408932311121788530e+02
6.514119528637719725e+01
1.840212883946207967e+02
6.590964199436814397e+01
1.406759649504975584e+02
5.549219418461296272e+01
1.077878718143967802e+02
1.109966800734213308e+02
3.875790037864430815e+01
1.398094703629640492e+02
1.435561412387274913e+02
4.833792640587800804e+01
7.236576626971597648e+01
1.115055559078501801e+02
9.023912979533760392e+01
