6.776212168574321026e+01
4.571033546214117393e+00
4.897410371257257822e+01
1.036192123653922010e+02
1.770982281190184153e+02
3.876687127307469183e+01
4.113694755807480874e+01
6.839666608483123866e+01
1.039818550034937203e+02
1.156370770912251800e+02
-1.370382663122557858e+02
6.669197296528926344e+00
-2.419375309869246926e-01
4.912976780113614694e+01
3.771664828100807654e+01
1.753134258547373747e+02
-5.968534484612943203e+01
7.330059999407772864e+01
1.411931791498846849e+02
-3.428901500025728666e+01
7.644621346855309696e+01
1.273059560789168216e+02
1.089397368782625932e+02
3.765566731345403184e+01
1.381916302514731001e+02
6.416264903211855142e+01
-1.037726743340570579e+02
-1.129147654857357281e+02
-2.797772872678037981e+00
1.006415363858222491e+02
-1.766497707414522154e+02
-3.504343343830875313e+01
-5.148196849526330254e+01
-1.167749010640375786e+02
9.760114994603723559e+00
-1.888861076467509861e+02
-1.811843159426188379e+02
-1.381120925896379674e+02
-1.159362341999590456e+02
-1.272808873672252084e+01
-1.312303464182011794e+02
-9.338646635566699672e+01
2.941267354224643071e+01
-1.390906431440485846e+02
-3.968907337091018661e+01
7.695970188365585329e+01
-8.714656687657358702e+01
-1.084273797836622322e+02
3.233428842824604743e+01
2.934192207382010054e+01
