1.560051751913840690e+01
-1.020960613655323641e+02
-3.599078388076778623e+01
-7.567265504235838591e+01
-2.315882615414144396e+01
1.781093694879369949e+01
-6.693823491046858365e+00
8.501299037791318369e+01
-1.992869984720191567e+01
-1.169144537700339299e+02
-3.634717750867588393e+01
-1.972518969280772438e+01
-4.494624253776719058e+01
-3.685796837526477532e+01
-1.920504414217892020e+01
-4.084662961655430991e+01
5.385323055822135530e+01
7.866689514576284736e+00
-1.142307878267241534e+02
3.601920040434711012e+01
4.636836256691670322e+00
-2.759726488729941707e+01
-1.249886376810671891e+02
-7.891659211020702003e+01
-8.395451481482858469e+01
3.445755084867727902e+01
2.290462576175305287e+01
-6.295732336237688287e+01
-2.007532336739948686e+00
-3.227734199536144644e+01
3.596115353085701516e-01
2.768311221441714309e+01
-6.006173313582157647e+01
-3.563058964580896326e+00
-1.781570150092936844e+00
5.532692196756444858e+00
4.780328483726314914e+01
-5.681505884820398222e+01
2.815887395508904323e+00
2.518890856774412157e+01
-2.509107232144834398e+01
4.862770265336177289e+01
-7.077163637180788669e+01
-2.950362019723631590e+01
2.646931343150065175e+01
1.378340436591921048e+02
7.108914307174609348e+01
-2.099048252809729287e-01
4.375817781214226443e+01
-2.119680836466666918e+01
1.117600736037828000e+02
1.756746801921343470e+00
2.061045243693520490e+01
7.253690698055655162e+01
2.667234818864855228e+01
-7.634282267266759447e+01
3.676645251437811623e+01
-1.459956358645564833e+01
-2.049767071242765226e+01
1.283668713278985649e+02
1.086704541572321148e+01
7.051844627033878510e+01
-1.442700352002688113e+01
-3.996993130217371260e+01
1.417513125826740463e+02
2.047273453424804757e+01
5.132964009280384943e+01
-1.674195862874858420e+01
-2.976625393905709771e+01
1.588586148922489656e+02
1.058609322633722201e+02
-3.798480238669858977e+01
-2.570774591118201258e+01
4.207420360996732001e+00
-5.281439781644793108e+00
5.869267287599335958e+01
1.648372949848264923e+01
2.957000174029720796e+01
-2.033557065458355240e+01
2.334547140233060247e+01
1.105839997556873868e+02
6.231238609003973039e+01
-1.182316009672832848e+02
-8.898536391808859491e+01
3.447036120184056074e+01
5.707315684518272292e+01
7.706259704592818061e+00
-9.011911457726782260e+01
-6.864906040754337369e+01
-2.443542276966981674e+01
-8.625673096244638316e+01
-1.929366948280418015e+01
-8.503708524580417816e+01
-5.883005983257942972e+01
-3.523937192839049715e+01
3.005118161695469325e+01
-1.557348581502782814e+01
6.857343052342697831e+01
2.968934398187106183e+01
2.540984202020401383e+01
-5.007313158143012544e+01
-1.050162034133461759e+02
-6.280106886000602628e+01
-1.896414619548717084e+01
1.287915697698020345e+01
-5.764187030361166642e+00
-7.328780468521365776e+01
4.859720459973122075e+00
-1.600001326534748580e+00
-1.146681805370142229e+02
1.360250829409065254e+01
-4.536174781008171664e+01
-2.906236717833062144e+01
6.372743838976990816e+01
1.711989085698821711e+01
7.604047279760056455e+00
-1.173722680386351414e+01
-7.495606953169790643e+01
-6.944980224322665663e+01
6.786459611788089319e+00
-5.762646632728817053e+00
-3.766167940510624845e+01
-1.557425455852244340e+02
-2.845134178574015404e+00
-5.893229513129775654e+01
