-7.825546208123555780e-03
1.518810786483064217e-02
-1.658016112487065430e-01
3.654291206696092670e-02
2.140557316906388508e-02
-7.880285003751114070e-02
-1.403309783762355933e-01
-1.420345165264015087e-02
-1.899385161711679149e-01
2.668110338598058545e-02
3.152917781222865090e-02
-4.057445835210342633e-01
4.427502046207083819e-02
1.550285458927355177e-02
-1.779239707226880629e-01
-4.457398311871942770e-02
4.060949577683214962e-02
-5.633246761227023169e-01
-4.477953389284889708e-03
1.524600594236267051e-03
-4.751888941776118147e-02
1.626432635286292200e-02
6.519293202739349403e-03
-5.011172591574091645e-02
-6.107690485359346805e-02
-1.592234974937676434e-02
3.087888128894800827e-02
5.840951194045321086e-03
-3.042217394150463494e-02
3.501124496622553539e-01
-6.356323391804682976e-02
-3.709969270856722234e-02
1.843078239560523301e-01
2.345945569450847146e-01
1.740975480836541578e-02
3.991015408637387241e-01
1.863169907953975135e-02
2.302591613639474316e-02
-7.648743230021320949e-02
3.989950650434158277e-04
1.062811892272657113e-02
-4.274598018569900071e-02
5.068284522922234664e-02
4.803858352025571626e-02
-1.733533879823630774e-01
8.970506068302479610e-03
5.348564083275350253e-03
-2.334909801631877488e-02
-1.176088324045756334e-02
-2.171323116734760923e-03
5.711263868694834225e-03
6.343412182490840157e-02
2.793839620802584384e-02
-1.365740201908492713e-01
-2.286510158221443387e-05
-9.435930371638995978e-03
9.315554991384575323e-02
-1.149982883154774746e-02
-7.769961939511404146e-03
4.210690738398927685e-02
3.700059170957499532e-02
-7.510919684342833719e-03
1.385374964097163542e-01
7.457328708868688621e-03
-3.097226054887101824e-04
7.092939177013342367e-02
-1.458997273825456305e-02
-3.145985860630161769e-03
4.420919523298729586e-02
6.021565589907069277e-02
1.182863842964462613e-02
2.195965808844294737e-02
3.186580223920350199e-03
9.052126531280175364e-05
1.483585749080564530e-02
-6.572988248664678353e-03
-2.331871970389690161e-03
1.657049472009232416e-02
2.818870865318363547e-02
7.785704170246668387e-03
-2.051079326008791934e-02
1.252811405612047069e-01
3.228492550676126949e-01
8.818615584612633784e-02
1.852544537510261713e-01
1.756680225163648745e-01
1.003005111026517432e-01
1.372141035853032161e-02
3.092107625623908285e-01
1.128284207049640164e-01
5.942611847927428137e-01
8.386414584004191486e-01
-1.776520246837769504e-02
4.466802261071532443e-01
4.287187120086152214e-01
1.062342009911715068e-01
4.337929456379785997e-01
9.266151626880695380e-01
2.426062944351854433e-01
-1.022323517409484128e-01
2.228267839806009898e-02
6.730729492080121668e-02
5.336476313475174704e-02
8.153896955639529376e-02
4.605424190044151572e-02
-3.954022582265970254e-01
-1.922129388447226250e-01
2.667297312474030055e-02
-1.568228092267272278e-01
-6.409487583827948587e-01
-3.400334876585081600e-02
-4.084228877582827821e-01
-4.135192686299271614e-01
-1.172870624835337661e-01
4.139989848930995531e-01
-5.143108203908538512e-01
-1.234955644464812985e-01
1.753838377030662032e-01
1.779088517258722302e-01
-6.274153139010384128e-02
9.760566906196668779e-02
1.000453492864538385e-01
-5.817609198041989553e-03
1.428484438649421373e-01
2.693088343701711684e-01
4.149987521877322033e-02
2.133207584795760725e-01
1.048643171043929095e-01
5.282017767058044821e-02
-6.359850927452895958e-03
-2.477271873872456676e-03
2.298161868248257619e-02
5.887407004013122114e-01
3.527149670558890615e-01
2.029429766391847301e-01
-1.687704280031646908e-01
-2.053848182318136206e-01
6.036689895481721357e-02
-1.145880046754231968e-01
-8.938875200282515865e-02
2.662512697932061662e-03
-1.456652736258221836e-01
-2.609795361205479725e-01
1.190326473299904535e-02
1.061420774854826832e-01
-1.133444986133789467e-01
5.567449690225676623e-02
-9.561325941292909969e-02
-1.227923086479958403e-01
-4.505383069068645725e-03
5.281018698543260559e-01
8.519794328273529171e-02
8.846911998027022495e-02
6.062842909045532830e-02
6.898418354737984991e-04
-1.603739679113703326e-02
-1.486589446211071357e-02
-3.080394569190871012e-02
-1.284152030081206139e-02
1.949068420050702743e-01
9.852521333459625386e-02
2.666252709351824707e-03
-1.352604148050796928e-01
-1.345876538205278972e-01
2.333006374456124687e-01
-4.065814420016838349e-01
-1.307354169548642642e-01
-2.075395125693552389e-01
1.591772763606705277e-01
1.140832384408460749e-02
-2.091012037861100705e-03
-6.047825955626160432e-01
-4.024798165989346699e-01
9.858866751326778033e-01
-6.984547458566503497e-01
-2.736635481336923137e-01
-2.806676012817281851e-01
2.707407830771184076e-01
6.539198388999763797e-04
-3.532702414356398979e-01
-7.203435110096977068e-02
-1.414323951280683188e-02
-2.783590699915361455e-01
-1.686034954279067855e-01
-4.212491567733910730e-02
-2.417162977083098796e-01
1.325017140871101798e-02
-1.797640353381228882e-03
2.060491751594193122e-01
2.686229557081377117e-01
2.325345281296005151e-01
-4.943859268060767781e-02
7.120107337540443337e-01
2.107232417928434631e-01
8.210728950205704590e-01
-1.845092111119694955e-01
1.973962872778919908e-02
8.790102034552344651e-03
-2.271165323945364689e-01
-1.266816368094959566e-01
2.828553087725694803e-01
-1.232170559404723864e-01
-3.215272666342603586e-02
-1.581034686348030058e-02
4.768520894931864429e-02
-8.295132168323978870e-04
-1.542697004536940641e-01
-3.232410323515888528e-02
-7.970399930961098722e-02
7.492988138339552462e-01
5.546900358473919046e-02
-1.785967913221537737e-02
3.948972828623704134e-01
4.189013860107979742e-02
-1.193611951687049977e-02
-1.628293852072646153e-01
1.353425113983953432e-01
9.656693375723313100e-02
-2.399221522816278873e-01
1.731391719866239298e-01
6.155832713914017457e-02
3.245907850551434104e-02
-3.198675770967446264e-02
-7.883464668045392408e-04
1.542169239095426692e-01
1.268159435721837869e-01
3.274153437799901673e-02
4.321181249298938210e-01
2.300943478196951497e-01
5.435968209289367831e-02
4.632289536298341281e-01
-5.832866398412032451e-03
3.723129066561586473e-03
-6.457035983442234450e-02
2.076369637191140607e-02
-3.613819226069821060e-04
1.489157221664920150e-01
6.369951699028732206e-02
1.471237589859686855e-02
1.075393459809791258e-01
2.397459798551777009e-03
8.777604842337543298e-04
-8.674262006782330892e-02
-1.993144851659826161e-02
-2.556466867342196414e-01
-8.531010890645916722e-02
4.120547952063695341e-02
2.641632519491859954e-01
1.046866863989738411e-01
2.040306155105430647e-02
-7.076765123621617769e-03
2.217679493242690359e-03
-1.634795581361060124e-01
-1.000000000000000000e+00
-2.198299922790056815e-01
5.006427341599759551e-01
4.962427433916083985e-01
7.741475633532701739e-02
1.423657801976131905e-02
2.991917110237691246e-01
6.904945629436018417e-02
1.116009387879549064e-01
3.468615806136843838e-01
1.695658994885034312e-02
-3.342033626307763239e-01
1.390088372698164432e-01
7.932064389795237536e-02
-6.799097530169062598e-02
-2.350057740957674501e-01
-2.279748678694776612e-02
2.744438216886954315e-02
6.648210630234629992e-02
-2.410909788785525754e-02
4.100072515868642409e-01
-7.960835692054633039e-01
-1.987695611134602525e-01
-5.042368160927666876e-02
1.106896424695063240e-02
1.757369778495366033e-02
-4.008088533213610000e-02
-2.569232963879549692e-01
-2.978635115065537617e-02
1.653553827212017324e-01
8.526180202029916277e-02
-2.077309757170842444e-02
-1.663346070062904011e-02
1.250435089067084837e-01
2.514033600633702736e-02
-7.148119502199076769e-02
-7.881273815854805687e-01
-2.956565487173364315e-01
6.338001100932025844e-01
-2.278390953559971122e-01
-2.482821328435661640e-02
-3.166303859112174629e-02
1.542198860944495875e-01
7.515882647351461443e-02
5.976251261021422317e-02
2.687063634662474332e-01
3.830042092841618590e-02
-1.694813228451702292e-01
-9.897927446760691750e-02
8.013586231334154930e-02
-3.604254708897677417e-03
-1.590580014603872328e-01
-3.526846869119480005e-02
-8.704894190012835153e-02
-4.714606320950719964e-01
-1.788644043142265383e-01
5.123724649762333438e-01
-3.844918351477692453e-01
-3.638686596351862340e-02
2.052235642806096369e-02
8.236341270798164249e-02
3.068782754967684309e-02
-6.292527163995038919e-02
-1.763895837270096356e-01
-1.212888520904941390e-02
1.607393306907449193e-01
-5.992134913346670172e-02
-1.493172502379733722e-02
2.805437469567572881e-02
1.030662409272634361e-01
4.119847901372552385e-03
-2.498748923814967174e-02
-2.984476618884786617e-02
-3.947367713541883871e-01
1.444630674005693005e-01
3.345162953476429890e-02
-1.680536017759380607e-01
-3.876380962293683452e-01
-1.506964022423864791e-01
-2.683263408974300712e-01
-1.600069704652719305e-01
-1.044272561565692814e-01
-4.595417410365689737e-01
3.357585840788385873e-02
-1.761381844660399321e-02
-1.536243131285090491e-01
-5.845031730781016233e-01
-3.044165978056315724e-01
-1.729214097571296930e-03
2.091686837940623378e-01
6.084669500678872162e-02
-2.595551816572516310e-02
6.980311905466220213e-02
-1.236440625195453892e-03
5.592278920556725125e-02
4.513320820090090391e-01
2.075356811165576520e-01
-4.467169535695507121e-01
-6.347908707843367970e-02
9.575241512887718021e-02
-2.581009636642780380e-01
-3.787609157613584798e-02
6.585360645521433354e-02
-3.420032674575914644e-01
-2.643767726664280060e-01
5.564522215840798230e-02
-1.026488901940628556e-01
-4.791224682249773346e-03
-2.482198485138523494e-02
7.767961521342718438e-03
5.998419850441319423e-03
-1.370949931047544743e-02
2.276485135363689322e-02
-7.523903546688179289e-02
-7.896420031818872365e-02
1.261460909839240419e-01
-2.069375696689481348e-01
1.058459741582423383e-02
-9.426148638099729471e-01
8.294221780009851039e-03
4.879256525614487916e-02
-5.407221969954701946e-01
-6.965466041122788665e-01
-1.612245537461443612e-01
-5.994339866973539266e-01
6.016870232654916717e-02
6.620787851747436670e-02
-2.259367546958430673e-01
5.489577033272804302e-02
3.049872063073318790e-02
-1.214623013282412206e-01
-3.555602620142000320e-02
9.804570643362618687e-02
-4.390517007910295089e-01
-2.185994712289867081e-01
7.150508323203507224e-03
-7.513013018613264871e-01
-9.814107060092662482e-03
4.718583656602521464e-02
-4.822968026949306375e-01
-6.802071029379063161e-01
-1.536116108276202596e-01
-3.916100449558195251e-01
-8.953752836506621848e-02
-1.563379481093906537e-02
-1.368163273273387270e-01
-7.996176794106952743e-03
1.321947038576595096e-02
-1.030253381329813006e-01
-2.696242487179925651e-01
-9.972046741309993634e-02
8.223780524425886029e-02
1.193532486391690461e-01
4.450291779571178830e-01
5.220462398345616234e-02
2.366675779208286534e-01
2.164678276906968346e-01
7.294604994994459413e-02
-1.306481033112623924e-01
2.285713010384537724e-01
6.603041914083086772e-02
-1.494423514025617628e-01
4.076353521205624553e-01
1.053869741704590718e-01
-7.267242656167331727e-02
1.196203442911574211e-01
6.198442121113197090e-02
-1.074210000274629234e-01
-2.420535675214237001e-02
5.166520072969547905e-03
4.727079676403660446e-01
2.035112227736182999e-01
-1.027083574947222355e-01
3.594842627486456443e-01
8.040014843629414432e-02
-1.901378944568832968e-02
1.586737240392481207e-01
4.539728845679653069e-01
1.172137427940539295e-01
9.432262046986999646e-03
3.036613259324060232e-01
4.926713563505800975e-02
2.221670437862971817e-02
3.693174228265631021e-01
1.193207824955470758e-01
-6.429281199262795732e-02
1.064354274410558437e-01
3.547042371062268662e-02
-3.016994282645284187e-02
-2.031664373129775727e-02
1.399304884920099350e-02
-4.970137423688879286e-02
-4.150039867618606632e-02
-3.437598392485699799e-03
-2.130542268894521692e-03
-1.138103012766231437e-01
-3.170609186790169370e-02
3.004408790033834611e-02
9.915779429348474672e-01
1.062680506698572835e-01
1.247167310484318947e-01
5.992354335792581255e-01
1.754747768815328735e-01
-9.167847309134516398e-02
5.406767303226434063e-01
1.769022310860740022e-01
2.413573370647628391e-01
3.648859852800915293e-01
-4.610061858913720029e-03
3.791239468027169934e-01
2.620505937904830107e-01
6.176401955292634693e-02
-1.481915163164296279e-01
4.358351900802323597e-01
9.829282052474982989e-02
-7.829032789388308544e-02
7.759859065732511718e-01
1.280000233473391480e-01
7.694378663361971238e-02
5.292217705784660886e-01
1.785313456454621639e-01
-2.059416961756838638e-01
3.498253884655694868e-01
1.194078792635891451e-01
-7.023652795115029046e-02
9.928901677799853442e-02
5.542197574878654498e-02
-2.261409319743284962e-02
7.996456809005901556e-02
4.160723925810958651e-02
-5.922029683752629003e-02
-1.023279439094445797e-01
-3.249658758135117592e-02
-1.264554710472866883e-01
-9.470709014689640548e-02
1.789737530049786696e-01
-5.239844043235590831e-01
-2.380214038917046471e-01
-3.010827552213610758e-01
1.028878089024304332e-01
-3.240858744578297562e-03
-4.018971793318666663e-02
3.148398803915655186e-01
1.884132613947025747e-01
4.513192594978399086e-02
-3.847947621882022440e-01
-1.913708958607735211e-01
-1.617843162393311218e-01
-3.983035542242453070e-02
-7.082492327657390063e-02
-1.684537064176210843e-03
-7.221198163031350425e-01
-3.572869980697963022e-01
3.936870465242237604e-01
-1.623983648872438512e-01
-9.538099733867648478e-02
-1.348585399451648625e-01
2.052507578924495923e-01
5.602165910250774677e-02
-1.505337785425365227e-01
-3.517594212504418505e-02
-1.096405119317895582e-01
1.197217251647537534e-01
-3.725117387534233049e-01
1.269854090426997088e-02
-1.360225664048312355e-01
6.368364518528585316e-02
-5.445493712698045797e-04
-3.536816891916391703e-02
7.280834464195490296e-02
8.215854852836571021e-02
-7.729108618857061241e-02
-1.232982065600179804e-02
-1.575775803218570914e-02
4.473536192766853353e-02
-1.643663346048620383e-02
-1.196786479173090126e-02
3.047118156034256398e-02
-2.052526864618296927e-03
-1.069595235138785239e-01
5.804838192786797579e-01
-8.499304348912170015e-01
-2.436314888581241900e-01
-4.658186314719900967e-01
8.793597134957714667e-02
-8.788022069214611320e-02
-2.082535068392501465e-01
-3.396341657830549421e-01
-2.803611695256857383e-01
1.622152233541702404e-01
-4.151065537710285080e-01
-1.252387294313790089e-01
-4.541664267322695347e-01
1.776972384886744138e-01
1.970131574872557509e-02
-2.735324587308416572e-02
1.420046335775787538e-01
-5.375374721215259166e-02
3.037528218803189906e-01
-7.160830069509620532e-01
-1.862844661991122919e-01
-4.616806261428460512e-01
6.233198937055688810e-02
-6.361609710229798598e-02
-8.700749047584195595e-02
1.789086727164958535e-01
7.449238108010590442e-02
-9.874692905294785161e-02
-1.438927476592070376e-01
-3.277025602323645204e-02
-7.109634231029537954e-02
-2.595014840297022937e-02
-1.722607790355156626e-02
6.826574667169051092e-02
-3.102312074257941566e-04
-1.163555641209672170e-01
-2.827930048201498722e-02
-6.416868352835763956e-02
1.961314583220072350e-01
4.892445973127071412e-02
8.156809223647754070e-03
1.868563124076899271e-02
5.002613402167144577e-03
3.976904436142598975e-02
-2.014897994003496742e-02
-8.445353175326311690e-03
-8.202352591603480347e-02
8.720020338036627017e-02
2.986701543818577262e-02
-3.604816953132105629e-03
-5.673526242172606537e-03
-1.143880230922471796e-03
-6.625354332699077975e-02
-2.486965991124323039e-01
-5.275007284680151287e-02
1.577087932974653994e-01
1.741900044879963472e-01
1.504562613107430884e-02
-2.605533386767851407e-03
7.410073876613956778e-02
2.105308693938978681e-02
1.312495492937222966e-02
-8.053564752333759735e-02
-2.411446789592045295e-02
-4.211728569825142626e-02
1.063388972431344309e-01
3.175282923704978583e-02
9.198863716249156496e-05
1.795997653611769440e-02
5.834288934425568146e-03
1.698699698889595197e-03
4.762988748808413830e-02
1.002298879585110727e-02
-1.434531969761898215e-02
-3.319790275981607253e-02
-4.672249447950050164e-03
2.815938536556888798e-03
-1.584252567159913361e-02
-3.855336511751965897e-03
4.855052782142266210e-02
-3.461735458905270679e-01
-8.732957171252730966e-02
-1.811779588401192173e-02
3.495178012414679181e-01
7.952081543019054455e-02
-2.475580856304823024e-02
9.156773473460637358e-02
2.612163754759621800e-02
-4.798221120114529170e-02
-1.333093948816688190e-01
-1.224128612981789828e-02
-8.297424441553150065e-02
3.340100265878957475e-01
7.852029003059109169e-02
2.668764122749464618e-02
1.414512449372129499e-02
-3.155704766031069801e-03
4.934498799162933408e-02
-1.962777233139125499e-01
-4.789057623949943832e-02
-1.109570217481462284e-01
3.259159721586479264e-01
8.436626152680945512e-02
-7.142328665131793264e-03
3.472030153061150121e-02
8.009188566398204798e-03
-9.500663627069283121e-03
5.848825408942068260e-02
1.973722319476944181e-02
-6.207188516678458640e-02
8.557300007038241840e-03
1.888809946315746918e-02
1.156441350258050754e-02
-4.094292780850879859e-02
-1.126874126484548808e-02
