6.631224105382550749e-02
-1.071730101502005039e-01
-1.814915265144139978e-01
-3.036278565574679345e-02
4.898670992639726079e-02
-4.183551514797759913e-02
-2.703674196553643161e-02
-1.032047053295822789e-02
5.217667632157222402e-01
-3.054895361202690784e-01
-3.498649997203621687e-01
-9.036900679779738543e-02
-7.564650764231195534e-02
-1.892769720389561316e-01
-4.176186093947392153e-01
-5.055425070754444167e-02
1.755092270368985644e-02
-1.182345046234140745e-02
-4.088831634464545201e-02
7.296385595361651322e-04
-4.120970247716570188e-03
-5.393853712675040352e-02
-1.224041282775129996e-01
-7.863191524731052290e-03
2.261097912179780844e-01
1.742348694532484463e-02
1.707918418399600180e-01
2.551771048924669858e-03
-2.414529735205662303e-03
-4.700032078097658023e-02
-1.880457692568192618e-01
-1.206307313571289286e-02
2.626845946252484229e-02
-6.329260097523096984e-02
-1.373225362917631087e-01
-2.148148699813287946e-02
1.350412622060142842e-01
-8.756498929617462235e-02
-4.377383210916954703e-02
-2.255690358319992206e-02
-7.341742805498452373e-02
3.270169460899657876e-02
7.369069784190968031e-02
2.468733855325822360e-02
-7.094229719714653659e-02
-8.519182045729738195e-02
-4.020188264826909941e-01
-5.013408998257617294e-02
4.331159929993058655e-02
-9.077324615895193682e-02
-1.340029973513854611e-01
-3.500067616209868310e-02
4.088835920797592033e-02
-1.801415829889425543e-02
1.126225668796457594e-02
-1.457066316707394428e-02
2.236271299423600034e-01
-1.573834175336334129e-01
-1.634037559863957267e-01
-6.177900338199335262e-02
-8.699773362919521746e-02
-1.222076439377444701e-01
-2.203793917336110686e-01
-4.486349716763119583e-02
-1.932940298136539073e-02
2.668755158941746308e-02
4.082950060936296754e-02
4.883580100441808729e-03
-8.837504803546830656e-02
4.762669370226191995e-02
-8.945532193017200276e-03
4.129886367772531326e-03
7.869564500021776488e-02
-1.226034398378332037e-03
3.236373149099944224e-02
-1.789967086955552428e-02
3.788481651450319870e-02
1.440041621434477552e-02
1.287722817700674427e-01
1.993834002113167511e-02
-1.067235007091969952e-02
2.628157714853804339e-02
5.855886348077236209e-02
2.748628191800012426e-03
-1.610074868829920181e-01
9.039120611793849402e-02
7.014414435531529657e-02
2.267983065182550481e-02
2.878995123902362563e-01
-9.277280329752717047e-02
-1.660920629047704100e-01
-7.078346939302591900e-02
3.535048676175292504e-02
2.670168496539364333e-02
2.344344749837287134e-01
2.821166289632399959e-02
-1.433198606607544341e-02
1.916263953531992248e-02
5.688018463871401947e-02
9.389795086688345130e-03
-2.477231579677466669e-02
4.574476799040854552e-02
1.631985331968935707e-02
-1.023454819992959414e-03
-2.542557829789888688e-02
-6.176283864576670446e-02
-1.230159625947233187e-01
-1.183939158580463863e-02
2.021604152069609098e-02
6.966998078571992950e-03
2.218428999137741220e-01
3.991428684668443805e-02
6.218705361718011165e-02
-8.748687398496939049e-02
-1.642964426403754064e-01
-2.385155630578344663e-02
5.811484304928871830e-02
-4.934778371905695904e-02
-8.197375996053325731e-02
-1.786939145671925452e-02
4.679242911262633808e-01
-2.166010021942764152e-01
-1.479840404828370870e-01
-6.068528823677742795e-02
-5.016451441064664896e-02
-1.834232839862771913e-01
-4.080730768105358952e-01
-3.255455056334038977e-02
-8.452058180263467488e-03
1.522752422473275420e-02
2.448759662650809577e-02
3.181743752654054864e-03
-2.858098668738646292e-02
2.315064811067223463e-02
1.688966956984885165e-02
4.642644485039280032e-03
2.148427879278757766e-02
-2.445878567731943690e-02
-2.896406984477141108e-02
-7.155084457955487691e-03
1.734447021562825816e-03
2.954512435299260983e-02
7.843943335733404021e-02
9.222303366906379682e-03
-4.028963075477585108e-03
1.607829293653329633e-02
3.807813863509783292e-02
1.953847235986658042e-03
-8.071970167623154779e-02
7.003869911799298631e-02
9.394850854653116756e-02
2.210754516383040685e-02
1.784795939185939151e-01
-1.431184048206642356e-01
-2.138830915224035345e-01
-5.460339497192169544e-02
-6.527084349496426428e-03
3.915439136408453702e-02
1.620873803291648374e-01
1.385766197027342439e-02
-6.641374620096534252e-03
7.170644803442259227e-03
1.395799732611600376e-02
4.230659710197797602e-03
1.859556765378511320e-02
-1.372740524521216983e-02
-2.484611010364669303e-02
-5.658945828655905473e-03
-9.522973957600237849e-02
5.331612470849234758e-02
9.280402932742054523e-02
3.088977953328925913e-02
8.795667757681655333e-03
7.667833706320409046e-03
1.476955247440935384e-02
2.157263192202185133e-03
2.372257036691473656e-02
-3.222661430163107493e-02
-7.821809837360443884e-02
-1.221123996490005963e-02
2.134039703386884229e-02
-2.705556545378886082e-02
-5.265589960957880317e-02
-1.102374577073584293e-02
1.220772340979983661e-01
-5.608234738270063968e-02
-1.088135045929962824e-01
-3.216601003888187177e-02
1.181609015231570303e-02
-5.900963992923361628e-02
-1.959464863962205872e-01
-1.920281929777579999e-02
-1.013973724237629721e-02
2.601379468850687979e-02
6.578758257967462497e-02
1.111850452629955729e-02
-1.381577292020163411e-02
1.179533528430349622e-02
2.673981285453934376e-02
8.466539915208208186e-03
-1.040751831281751250e-01
5.630474349798702399e-02
4.252021157666623780e-02
1.272554287063141706e-02
3.408267527736979358e-02
4.147689298679050479e-02
1.682621224044587582e-01
2.146188164949853691e-02
1.928712105075409923e-03
8.574184279956112648e-04
5.687981065709910716e-02
6.803127034620767150e-03
-6.390826116203995877e-02
5.231138563320862633e-02
5.616436200099331200e-02
1.417425183144244150e-02
1.201699772175383735e-01
-1.017895191144300437e-01
-8.814428157628213800e-02
-1.723177646253026482e-02
2.138252765013838944e-02
1.056929878806165887e-02
1.828502476792165099e-01
1.353944860100838969e-02
-1.283801552476312308e-02
2.859140786503708981e-02
2.291556917654984094e-02
1.997639945679243086e-03
3.172435456134916655e-03
-1.547750002587367033e-03
9.986638418052968050e-03
2.778698605851719940e-03
-1.339826850802347258e-01
7.934572773580002292e-02
1.194682838783545087e-02
2.320620264396749087e-03
1.426382987644728498e-02
5.614376181254403242e-02
5.144553476712415696e-02
3.321121867507747290e-03
1.222748634183587306e-02
-1.573651302262909710e-02
1.035213248204838732e-02
1.164490622090331301e-02
-1.579368095952952272e-02
1.327171518674229861e-02
1.544291887307876372e-02
8.921009075097329974e-03
2.525820850737934831e-01
-1.718930559980957617e-01
-1.785286652760476322e-01
-3.212082702654736610e-02
-1.529147072862763190e-02
-5.592833536134703826e-02
7.535436544058717045e-02
4.020957206386613358e-02
4.611129688015191408e-01
1.635522850276876772e-01
3.340387250818114412e-02
2.422891126066607503e-01
3.809813510337212716e-01
1.643412804859902820e-01
1.985093434633767306e-01
5.050961347258606932e-02
7.603237945103985540e-01
8.296744135576992196e-01
8.719040555512007351e-02
5.893127396751414171e-01
5.596895285240737206e-01
3.073855297600793235e-01
3.249770924540025252e-01
4.910818876103378861e-01
1.300083412352125434e-01
1.911740233111091855e-02
2.982048455899966380e-02
6.504666526309067776e-02
2.895371744476269993e-01
7.021108869471004432e-02
1.468042772158349718e-01
1.715671393825179691e-01
-3.794852840043699133e-02
1.969052475090760090e-01
-9.075690961087701236e-02
-2.094605036406477494e-01
1.065239481728619958e-02
-3.016371483732675080e-02
-4.933499286363581676e-02
2.922206648164969445e-01
-2.247880705597955428e-02
4.969272167478874097e-02
-5.694224526620651067e-02
2.167176733716390524e-01
2.393629278970193508e-01
2.826976971267163297e-01
1.339518828802949979e-01
9.905219813434304466e-02
-2.119647930988202700e-01
-1.259260606930392989e-01
-5.780064272337982062e-02
-1.400171155731262940e-01
-1.799730094080838061e-01
-1.629457590818374213e-01
-1.128846724775212779e-01
5.925293433884475380e-01
2.489921333950845805e-01
9.954541665839265752e-02
-5.964716970642154441e-03
1.623200439518778793e-01
2.423307770720588838e-01
1.015012847207673180e-01
9.654958559170774557e-02
-5.300006753269546032e-03
3.057618522613699263e-01
4.034460390590302592e-01
1.792245767575304655e-02
2.314508127449308450e-01
2.070429756110290509e-01
1.240102839813891772e-01
8.941809973004032075e-02
2.353237400299083848e-01
7.133803448404772707e-02
-5.123749079097377618e-02
2.680507195203642168e-02
-8.225395490714831892e-02
-8.052019243539383642e-02
-1.683140229019328971e-01
-2.241721840819538292e-02
-8.915262098391147846e-03
1.155605684346408812e-01
2.758568158402657094e-02
-9.035793272929336373e-02
-6.732712342773727876e-02
1.431427478994498625e-01
1.102950930972526195e-01
2.397506883035186581e-02
-2.226417459218188732e-01
1.415604510017415274e-01
-3.904459936942722420e-02
5.143520175840162606e-02
-1.126906528970429422e-01
-2.253870809795740712e-02
-2.870501182082145220e-01
-3.955648232188805485e-02
-1.395787750035805130e-01
4.667021497147083586e-02
3.238472020073873692e-01
-6.081142668137482638e-02
2.623764996885922796e-01
2.638015288897389010e-01
1.551317058515979119e-01
1.451112890004552791e-01
-3.703453500959674738e-01
1.019535110003002946e-02
4.336990863645145272e-02
8.590828217276130774e-02
-9.478860405259197097e-02
-1.933236034361265621e-01
-9.726528081770419165e-02
-7.346765187540305053e-02
-2.867491719293573105e-02
-5.970061885992132555e-03
1.680245950826562973e-01
1.205855946292746228e-01
1.945807761138789449e-01
2.986733938179316206e-01
2.861703113805886822e-01
2.763934177414035798e-01
-3.845754875480524304e-01
3.694649481480681841e-01
9.097691265813026562e-02
-1.466164952070122401e-02
2.282243196427559684e-01
4.419783156572961724e-01
1.627270051778142157e-01
1.863100383919718550e-01
1.183220131499266581e-01
5.011625132397941051e-01
6.414200922019427376e-01
-3.502195832586919595e-03
2.909656008867346766e-01
2.886265264265605035e-01
1.523695138848653596e-01
8.147509744086268990e-02
5.360108050621388287e-01
8.624199077868358390e-03
2.675880855052547268e-03
4.964463577687477230e-02
-4.025561978779720884e-02
-7.024964433179008150e-02
-6.183672614030285425e-02
-1.664308244454278801e-02
-2.627175844542158425e-02
7.062089206073358862e-05
6.671216833225315779e-02
4.044844362531493237e-02
6.001752839264949679e-02
7.749581301808747269e-02
8.197848719916758786e-02
1.394476179337316990e-01
-1.364119588000727024e-01
1.679249604424430109e-01
4.689700937094170435e-02
7.807227765474217263e-02
-7.664634850323469306e-02
-1.146451310759143694e-01
-1.471590861278094520e-01
-4.122009820049069712e-02
-1.643187339754587917e-01
3.511155413495993249e-01
4.017452970093609577e-01
6.123721718512060291e-02
3.773059027257442688e-01
3.884179264046357383e-01
2.613346671732225124e-01
3.345245160637169701e-01
-2.803019204422469990e-01
-9.564175238408902102e-02
-1.319577037824846283e-02
1.251351017226388397e-02
-1.148213393423827555e-02
-9.257722222708101439e-03
2.633329495805170409e-02
6.519171680934059609e-04
4.866499694117807501e-02
-2.359333231278003817e-01
-1.319670520464035768e-01
9.974634402321201979e-03
-1.619291898678141828e-01
-1.107053895225323659e-01
-6.038280873289663536e-02
-3.253814278288531814e-02
-2.338231226642828280e-03
4.604304231816452181e-02
-1.073630320489207118e-02
-2.786609074279587650e-02
1.137156246544604316e-01
8.236857130934376048e-02
2.834255326037497802e-02
4.428593990174449491e-02
9.747280571052507891e-02
1.828921214188239386e-01
8.664843502164701339e-02
6.419516994165713752e-02
1.813148704604054529e-01
-7.484741204638786782e-02
-2.902324310855053727e-02
-1.563635118642666896e-02
2.229597630378573614e-01
-1.133022192514896997e-01
1.047954088463383567e-02
3.183165480201379655e-02
-9.613923972671745144e-02
-1.510485579181913562e-01
-1.536492321418625809e-02
-6.986607958117925510e-02
-4.751144254167553871e-02
-1.973987619384823811e-01
-1.432601119905218268e-01
1.131080665275297457e-02
-7.104438910262514395e-02
-2.597979160623728120e-02
2.287503648172465112e-02
6.352874493921849275e-02
-2.248050485543502675e-01
7.325632261771375386e-02
3.936497895234823685e-02
4.939223821772965872e-02
-7.651738264550886348e-02
-1.299079854538406908e-01
-8.453804333215472755e-02
-3.810285679874428344e-02
-1.087586345024102313e-01
1.604324621503055992e-01
2.012224096297676179e-01
2.507962956712081817e-02
1.988661191608156464e-01
1.966063833462566302e-01
1.558008911791992357e-01
1.610528649721601202e-01
-2.371984174384494382e-01
-1.207196462521389901e-01
-2.419223982192242675e-02
-2.035460533082598684e-03
-3.256741928283927306e-02
-9.739205114024516996e-02
-7.450905827738794895e-03
-4.537140217700381256e-02
3.645548473691158538e-04
-1.155475247068201983e-01
-2.091372024571202803e-01
1.548457595183592647e-02
-4.504068168540748679e-02
-1.349943847960326793e-01
-4.047042380459310584e-02
4.114114108179286154e-03
-8.007151460770597917e-02
2.100148772093920757e-01
9.210452575044887624e-02
8.690142277885158639e-02
-8.020939942789004351e-02
4.898313336812575025e-02
-3.021853491393343069e-02
-1.294508565501302499e-02
-6.674653246199523104e-02
3.570466682449396356e-01
4.593000994722101216e-01
1.286375909372118875e-01
2.981724649950839856e-01
4.875281484733617332e-01
3.304278855982716312e-01
2.872612286545773719e-01
-2.746456838816809243e-01
-7.984845899293542271e-01
5.240068377763575924e-01
7.511347482840837753e-01
9.944023649503704043e-02
-9.591585677401429644e-01
4.966894520124575524e-02
-4.119683701977379098e-01
8.193168930448208737e-03
-1.387528166489681025e-01
-1.335594768592144876e-01
-7.358753074385035453e-02
-9.330507614900479529e-02
1.485005402410870257e-01
-1.289467810432961548e-01
-5.259279098040357814e-02
-1.029706750981657370e-01
-2.861118557309744181e-01
-2.343600813539671937e-02
-1.444276326593224580e-01
-1.305725315545127468e-02
-2.226683790673833763e-01
-1.212010667129046204e-01
-4.502181332842027928e-01
-5.065537201551690433e-02
-8.608730791214298794e-02
-5.355826620066318072e-02
-8.413224767018306904e-02
2.834521600216445558e-02
3.639097799225057134e-02
1.169082727053164655e-02
1.634650985583975188e-02
-3.897918714804421425e-02
1.568893720939915359e-01
-8.500591555974039426e-02
2.946225896744150089e-03
-6.837238591956577849e-02
-1.884023026133336554e-01
-2.523284878830820421e-01
-8.079457935263030244e-01
-1.237098289440173998e-01
-4.416745072396779936e-02
1.839552291589479499e-02
-1.087192668810825630e-01
9.907101567218329352e-03
-6.056668988558897709e-02
5.808010915169188604e-02
-2.327585064844985008e-02
-8.279881515922860036e-02
-3.654889950140047805e-01
2.617930314219719112e-01
2.997792489908195357e-01
6.912652131835207714e-02
-4.709567846038422156e-01
-5.221475362085176847e-02
-2.102454314584937811e-01
7.141368578978058356e-04
-8.713114814051960144e-02
-8.052934218873353256e-02
-5.461075201801193074e-02
-4.708879343932974998e-02
3.267631264281688902e-02
-7.842241116456705186e-02
-6.046218711508401233e-02
-4.727176550018220152e-02
-1.635083056185726025e-01
2.266326510014929005e-02
-1.261094451305813102e-01
3.245056129076052953e-02
-7.976109157975390385e-02
1.090076633313048354e-01
3.030502312437151624e-01
8.220046230241608021e-02
6.664984471700773072e-02
-5.189003213530200137e-02
-2.887045862175642574e-02
-3.840893523907843062e-03
9.369152623226552346e-03
-3.117626222778419054e-02
-2.756577193751337182e-02
2.850534818393919353e-02
-4.480086041692720733e-01
1.548051006343867941e-01
8.568185129933664212e-02
9.736533882970685450e-02
-1.466600938105430130e-01
2.123364987416845873e-01
4.741842773293171720e-01
1.094072414733701648e-01
-1.261616428797215916e-01
1.340435504295507110e-03
8.671182971710213183e-02
-1.334052747718805255e-02
1.010660288370234944e-01
-7.332809920207195020e-02
-4.543398921570193649e-02
3.615043514422201787e-02
-8.104890224099205176e-02
1.916020651916715278e-01
2.217104512469901534e-01
4.432056286048813298e-02
-1.142450841358241126e-01
2.388813627019032992e-01
6.874477808220752495e-01
1.307331795875700808e-01
-5.770200330327141663e-02
5.773497396589571257e-02
1.237802041176307988e-01
-3.048382448287951987e-03
-1.490609861899573618e-02
2.530968072063122243e-02
1.777059332041127371e-01
7.173838857750121367e-02
-6.680685514240015666e-01
3.481708753295353898e-01
3.946657366759323549e-01
4.300687536834205127e-02
-7.226603367451736037e-01
-9.863351834822442488e-02
-5.873433875932618786e-01
-3.076390076767883397e-02
-1.319777544174786654e-01
-1.226747846112415524e-01
-1.047070711020684913e-01
-5.677295334485128742e-02
7.290951144098577197e-02
-1.080463018856070989e-01
-1.057655967840506750e-01
-9.501026010814186962e-02
-6.200716499682350918e-02
6.499639823359933122e-02
4.948010807237263053e-02
2.016813691033549766e-02
-4.987024540041796322e-02
1.275711695125166245e-01
2.301423534302046436e-01
4.001009721084083232e-02
-5.615614892385004109e-02
3.758503114531321077e-02
5.851555053818250501e-02
6.575454359074437392e-03
1.198138866166726171e-02
2.519929155449420963e-02
6.581823681698310835e-02
2.281793880445430814e-02
-3.715422067961728358e-01
2.860239621695449541e-01
3.417636889519220511e-01
1.026746922979469984e-01
-3.442431939631064308e-01
3.135933094899819307e-01
4.893217546181489741e-01
1.216333613606914443e-01
-7.862922599196717210e-02
-3.477485403688609662e-03
8.857217772411427048e-02
-3.454554907337245573e-02
8.471662273834086598e-02
-4.429466079440831650e-02
1.928746394774290968e-02
2.370621357299182094e-02
1.609654870432942475e-01
-8.310811403815850096e-02
-1.402239908923745559e-01
-4.247945910473486381e-02
1.571544904715857505e-01
-3.684483459862258198e-02
-1.810624342405662418e-02
-3.221547680438230365e-02
-2.812799373305438153e-02
4.277346468320067374e-02
1.823372515079310294e-02
3.155660018141361045e-02
-3.153352327825938856e-02
5.761828636194284842e-02
8.767050659986386218e-02
1.562944216003270964e-02
-1.148647587287389554e-01
6.897929294704123471e-02
1.929483196663113465e-01
1.134258032978515199e-02
-2.426960817819125496e-02
-5.932908006780286680e-02
-1.684226022264797284e-01
-3.567815860782990595e-02
3.559242164026538233e-03
-2.775213542607947795e-02
-3.724133790224261331e-02
-3.552055612136997137e-02
2.127817119160096276e-02
-3.640825325257890377e-02
-7.786985987089739547e-02
-4.025225152589920197e-02
1.664873177423690509e-01
-9.700922619592272644e-02
-8.406514787536603639e-02
2.945609716870151856e-03
2.121985601171607616e-01
4.421739828822348478e-02
2.677416184319966197e-01
3.147682036095663521e-02
4.038617291881160809e-02
4.643149346903364255e-02
6.860322069164410952e-02
1.513050343273830874e-02
-2.200705062536166632e-03
3.020009528005135682e-02
1.193430314456953717e-01
5.111533019475834189e-02
-1.735448591423137954e-01
1.475545439844219708e-01
1.333827930022364605e-01
4.261457564266644960e-02
-3.268525036896641200e-02
1.564770402636427582e-01
2.900320357878526378e-01
3.903330937235557907e-02
-5.319289110377770774e-02
1.185548605864758520e-02
5.892828195150588699e-02
-1.445693872011176613e-02
7.121515259582070212e-02
-5.269429136261094548e-02
5.652677289000990896e-02
3.318904999414235002e-02
1.906034575715847557e-01
-1.238392777612347118e-01
-3.816076184201336319e-02
9.667794377921531263e-03
1.970877003711634656e-01
-4.734409956790939199e-03
1.364586023269499515e-01
1.711137962339114721e-02
4.488190674477789133e-02
2.064440445335513630e-02
-7.815106080791932655e-03
-4.353384781840036904e-04
-1.755746099040945626e-02
4.409715788545966186e-02
4.847350737759292122e-02
1.778631726632334126e-02
-4.110596996915117929e-01
3.179107815122661496e-01
3.265539057362376596e-01
5.956394971180141440e-02
-4.247866586590937632e-01
2.279992321174552083e-01
5.054891106244649990e-01
1.427842503165772658e-01
-6.189080499320795403e-02
-2.350012988909032721e-02
1.172816342278808766e-01
-1.803328516563271547e-02
4.990210227494027567e-02
-4.910883672614148321e-02
8.440607894570718861e-02
3.730331899320313976e-02
-7.679796427192983055e-01
-8.897144280196356281e-01
-6.689524785509025351e-02
-7.921768500412030845e-01
1.595581304014068724e-01
-4.175720046580894129e-01
3.552388553829899931e-01
1.731088776309888388e-01
7.415606767210559946e-02
5.376080197321366633e-02
3.351611602048196192e-02
1.744227702732272997e-02
1.961969778251303198e-01
2.315781807882670018e-01
1.273737056023963379e-02
5.558432274943094636e-02
4.359795893249992366e-02
-1.233054328485132800e-01
9.476839123889892191e-02
1.059590404349941006e-01
4.773877918386484204e-02
-8.709083457486135882e-02
2.567682641985202449e-02
4.213386148692316868e-01
-1.462413154281030046e-02
-5.034611109464096068e-02
-1.516172229831093926e-05
8.849218519833672303e-02
-3.795635718724870572e-02
1.137633778106345722e-02
-2.056148826644130581e-02
-2.508538654335466453e-02
2.744083716960415420e-01
2.028270711886011879e-01
9.879050994910965056e-02
4.320039387149963300e-02
-5.295488190678709212e-02
-1.246189627573763420e-01
-2.427791120467060609e-02
7.894839132148850913e-01
-5.438824053480183218e-02
-6.120912186471096084e-02
-9.478398197857736129e-03
9.713275434352888760e-02
-9.115775596101573230e-02
-1.136578507533571314e-01
-1.803249256386543981e-03
2.560554155266928783e-02
-2.802029722053346883e-01
-4.154450625489375937e-01
2.982124535794534320e-02
-2.814221320685451611e-01
5.411479265366361119e-02
-1.618187829787371967e-01
1.138755687114350323e-01
1.041760522603422945e-01
3.760675733578706242e-02
1.676534316248519049e-02
1.842381180459868109e-02
3.106634309074505704e-02
4.957838149082010454e-02
8.341657580912520409e-02
-1.128746432907541848e-02
4.431032731742683833e-02
-1.532227853128692308e-01
-8.901476067813511583e-02
7.317663279603191240e-02
1.498510982911419875e-01
4.922446717317863901e-02
-1.351525858541471024e-02
6.525196588073019222e-02
-2.874777640905703535e-01
2.792230770459552119e-02
6.668669807674199035e-02
-1.448564517601887841e-02
4.626757691634780095e-02
6.589980090597812035e-02
9.811181226103176528e-03
-7.155762294293756438e-03
-1.040658285522752524e-02
-1.739817774523257088e-01
-3.919521473643442500e-01
3.737580979726644759e-03
-1.110521034783004540e-01
1.518132272741216371e-01
-7.226476619968245918e-02
1.296743832803737284e-01
-4.776596597540855305e-01
-3.347588113896410046e-05
-6.512345994413940020e-02
2.691575216003441046e-02
-8.902363320948937508e-02
1.449055103789202714e-02
1.311392028047685121e-01
-1.908692227397179933e-02
2.999006770781128747e-02
-1.947456298969908739e-01
-3.829341316686027952e-01
-1.796061532550344564e-01
-2.111796426984810238e-01
1.725778896555734132e-01
-3.349427606305252492e-02
2.071169962909920059e-01
-7.433575568577190928e-01
-6.731601955970508734e-03
-2.463298719766948697e-02
4.089748788543069724e-02
-1.326238401668956846e-01
-1.393970469152335141e-02
5.158987587089491900e-02
3.409618618158632292e-02
-1.752648900557403910e-01
-4.105427096646331875e-01
-5.731948787980928328e-01
6.728286324812995933e-02
-4.559209282872480062e-01
8.104082276025595388e-02
-2.713006348318720007e-01
1.439007043799712671e-01
4.141675448328259734e-01
5.360310599377725999e-02
1.606529736861607438e-02
1.880096909270792191e-02
6.516013034197577769e-02
7.984441213999679543e-02
1.104404204782158810e-01
-1.492281821533887089e-02
1.063239735672128483e-01
-5.750278473099219162e-02
-1.281610491650485295e-01
-8.143711982820694972e-02
-6.688261880641403756e-02
4.120453980693489227e-02
-2.701042242341737329e-02
9.938743300164776251e-02
-2.645006555718807939e-01
-3.090787310418249834e-02
-3.933208479482853265e-02
2.582114710966913404e-02
-6.129243963835808578e-02
-2.459736116168073639e-02
7.105322234562282645e-03
9.506966037812362991e-03
-6.472411825310214750e-02
-4.768406177825736392e-01
-5.713008286337063479e-01
-1.385984061709998327e-01
-4.104365929035376781e-01
1.458982871599401321e-01
-1.952257335781081016e-01
2.642859160734195578e-01
-5.784303058388832186e-01
3.323459683342639553e-02
-2.104999468453693130e-03
4.573598029248922975e-02
-1.015441440503244280e-01
8.342124261586492118e-02
1.283294635547797546e-01
2.921900435149277567e-03
-2.098849749973568865e-02
2.130717591231003072e-01
1.467252446564979163e-01
-2.433081494305763468e-02
1.662688687938970455e-01
-5.670731843147738295e-03
5.991515902223130269e-02
-5.085816306605063508e-02
4.838560247933547387e-02
-3.619178311205667464e-02
-5.207031768615745515e-02
-6.888366973411815496e-03
-1.210354170989194969e-02
-7.791740790691231711e-02
-5.403017227809849693e-02
-9.415690069786031985e-04
-8.197496365734850687e-02
-5.846817225887342151e-02
1.455143770594294426e-03
-2.426577514041956471e-02
-1.933166425751621509e-01
-1.159082549038746579e-01
8.557816318327190336e-03
-3.866303277780425846e-02
1.125011516978172976e-01
-1.153113628080809812e-02
1.295603291409549128e-02
-1.341604671641744369e-05
1.264321600714638991e-02
2.395256947230553143e-02
2.573562946251827920e-03
-1.717620868309264982e-03
8.053053713407835879e-02
1.323416636466702712e-01
1.295670887165057961e-01
-6.480528083867001521e-02
9.662048411450543939e-02
1.676559963087767210e-02
1.123747110688934348e-01
3.563337758132918004e-02
-2.232757095933468605e-01
-9.877086516491469584e-03
-1.684047393138718429e-02
6.269203060653389531e-03
-4.858602642254342130e-02
-1.648649434450852325e-02
1.161657745729859775e-02
1.695385563204820575e-02
-1.156824258761089269e-01
-2.216787534155933714e-01
-2.461463669932530407e-01
-8.279074908307283709e-02
-1.897130836904770967e-01
4.945694711475490113e-02
-3.544354630988598431e-02
1.344934427722187520e-01
-2.784995770128043668e-01
1.141532475817549387e-02
-4.899055986715554131e-03
2.663568279841881450e-02
-7.742964004251362553e-02
6.520332321534560993e-02
1.110360855500921451e-01
4.011162935389580436e-03
-2.782142429808684425e-02
1.284409929970754538e-01
2.165099609442715789e-01
-3.047257176764517697e-02
5.721675104352983571e-02
-4.744388219189247385e-02
1.288196802423640097e-01
-2.452927066444857140e-02
-1.073412304367193926e-01
-2.729218462200061479e-02
-8.500496277210245824e-03
-6.930129002807676117e-03
2.770244326889848008e-02
-9.602909348386654345e-03
-3.994339917422456976e-02
1.030219672571203345e-02
-5.093450387956649505e-02
-4.772729148125425258e-01
-5.919927400649379612e-01
-1.609345377927789977e-01
-3.302929433671215054e-01
2.194138490269816610e-01
-1.017083189351151995e-01
2.154796297326189713e-01
-7.226195783845485998e-01
7.813065905651976617e-02
3.571023679136439005e-02
4.531396867724507560e-02
-1.383356261869602144e-01
8.102596866750463867e-02
1.448246982100180880e-01
2.573649305359971412e-02
-8.978268854537885257e-02
9.031776913296582499e-02
-2.909216004005649725e-01
-4.778105099158319047e-01
-1.021615396150570426e-01
4.911382524058163779e-01
-2.299218772895371965e-01
-9.281085615032914904e-02
-6.576938266504488151e-02
-6.034306490660417133e-01
-1.824149755335086054e-01
-3.159546396468438378e-01
-8.020313516915598961e-02
-4.190767187400173954e-01
-1.933502638982912969e-01
-6.410982264431372979e-01
-1.007642314490155566e-01
2.988185933239719677e-02
5.336677108024245886e-02
1.317042036193179499e-01
3.482048349005932293e-04
-1.523163243756308627e-01
9.203823720434996247e-02
1.055330432673897145e-01
8.923280274286942565e-03
2.971309977240100264e-01
-2.924552846241829096e-02
1.340923004188640244e-01
2.227212443193900965e-02
1.030440494373048993e-01
4.401415141663767711e-02
1.729722513268988904e-01
-3.596716800045555301e-02
-1.102306616663212453e-02
2.210287128047732502e-02
9.445500978925036595e-02
-2.539185404922115682e-02
-8.614266266761218260e-02
3.629320895072774694e-02
2.497322774922522970e-01
1.642614690959152274e-02
5.890924547628950680e-01
-2.935109961417496985e-02
3.241223648997734186e-01
-6.851938950408325950e-03
4.619994685224926290e-02
-6.713412128012601066e-02
2.209622841839796112e-02
-1.146059729844326330e-01
3.216837842926448948e-02
-9.175342333099083258e-02
-1.121413283169299391e-01
-4.009549865594789347e-02
7.212751365895353484e-02
-3.096600541276081642e-02
-2.316295243157777059e-02
-1.571298036567665007e-02
-8.421843325797744029e-02
-9.149430633480225283e-02
-8.862271557316273030e-02
-2.888245601624670270e-02
-1.044382479323736485e-01
-2.903443521691642659e-02
-9.170697969631790014e-02
-2.733756444766612462e-02
-1.705858809126000603e-02
2.996386024794830613e-02
1.222025152279182653e-01
3.460677128259624646e-02
1.148078856130014674e-01
-9.350480126857402610e-03
-5.989733444349906732e-02
-2.811368344443912481e-02
-4.671657646194631308e-01
1.687416627861768881e-01
2.217709003877289531e-01
1.006345257913283942e-01
-7.215648957459969148e-02
3.663456443077283547e-02
1.925761562369316116e-01
8.391338525803697379e-02
7.889677703075494153e-02
-5.281813735000802368e-02
-9.270029456066571083e-02
-1.030074384855075506e-02
1.573858375020602621e-02
1.045046809139323594e-02
-6.200887143239266347e-02
6.604805288155697271e-03
2.405567463212986423e-01
-1.734533593640084081e-01
-1.788917700422322787e-01
-8.389191335798559801e-02
-5.557633619023659433e-02
-4.371282680702177903e-02
-1.021496006265627671e-01
3.448442482809094267e-02
1.295875208553199376e-01
-2.905149796489114866e-01
-5.155532095567438855e-01
-4.192280135086472875e-02
3.763759817323524826e-01
-2.611303565693839368e-01
-4.609086385772798167e-01
-9.445837293147961444e-02
4.073394930698285843e-01
-3.586314609080245019e-01
-5.205961263221152713e-01
-1.395963589326269516e-01
-3.577489904108798191e-01
-3.940891090076343306e-01
-1.000000000000000000e+00
2.870729664479964791e-02
5.443104140849384237e-02
-8.650703526875154481e-02
-9.441189280693249031e-02
-5.312954348156907758e-02
8.630083908375876800e-02
-2.271715476939614731e-02
7.224416385584560285e-02
-1.823383356900789079e-02
-1.049083911018223042e-01
-8.927759021098181924e-02
-2.508143602940242009e-03
-4.049689042664014055e-02
-1.207591851833354768e-01
-1.247188872776405083e-02
-3.830892188915477337e-02
-7.767412798222257664e-02
6.750996810619555588e-02
-1.508535742324512985e-01
-2.416039064047930118e-01
-2.514814000761637913e-02
1.295587635820860117e-01
-1.002522561423269398e-01
-1.970031852589786414e-01
-4.418645390791998279e-02
3.551489745601813519e-01
-2.370428385106336522e-01
-2.187323157521154082e-01
-5.309695477913384948e-02
-1.123381925269005543e-01
-2.747436620645714034e-01
-5.384211409087994449e-01
-1.139137010431820127e-02
9.495384570656818790e-02
-2.557708846497890876e-01
-4.130288237703360621e-01
-5.049929977356931027e-02
4.295838499907209118e-01
-2.201034265376680676e-01
-2.702594612754888326e-01
-5.963224401777365846e-02
-1.469241010852729012e-01
-2.502306015819523166e-01
-3.535609495100051070e-01
-9.602182277270106259e-02
-3.571789765225583668e-01
-2.734532591065517715e-01
-6.297870159479960206e-01
2.050221653983604758e-02
3.906644205265990405e-02
-4.265758665612555400e-02
-9.910368472897741754e-02
-5.557219824174613500e-03
-8.370245513167133555e-02
-1.474005452056169341e-02
-8.687007049615411147e-02
-1.290492855521077620e-02
5.862106461441284333e-01
-1.455767565741623581e-01
-1.796774452042716463e-01
-5.932865769521047938e-02
4.986614476832830489e-02
-1.598677926920911985e-01
-3.558404624788020221e-01
-1.842421746665700438e-02
-2.628934002511637471e-03
-1.549410655364944801e-03
-1.767541820959534979e-02
-2.330878747374490884e-02
-1.112361727614928630e-01
6.057723956804053622e-02
6.501451150542865431e-02
6.243795398769695117e-03
-1.769592674618954697e-01
-4.381270212427007538e-02
-8.050773405786876280e-02
-1.492256394788512436e-02
6.761939788119611383e-02
4.398297913004739490e-02
1.238902610407229543e-01
-3.492089282023098235e-02
3.713254086173560509e-02
-4.237132216674619617e-02
-1.864413438023832525e-01
-1.510553618314640703e-02
1.641435466731308301e-01
-1.362921113812913532e-01
-8.789184031150296117e-02
-1.506006429636206831e-02
4.597399395467791083e-02
1.967944151825368193e-02
-1.498521703378128400e-01
-8.722487981426363043e-03
-1.002347947323133232e-01
-5.890397661493440573e-02
-5.768761443947304501e-01
-3.967960311709264887e-02
5.762256077717675673e-02
-1.307008422056292751e-01
-2.559114496081323908e-01
-2.611489309517770613e-02
2.314201315242820634e-01
-1.649121611714306768e-01
-1.424016795912718680e-01
-7.380181548867922013e-03
-5.765626480296980050e-02
-9.227600650873175880e-02
-5.328180052793946020e-02
-4.143902076787759486e-02
-1.554296204848906182e-01
-1.164944388178704854e-01
-4.805320095001967551e-01
-3.293969948129414627e-02
2.130548851212217543e-02
-2.527266852022169372e-02
-7.250606372056492277e-02
-1.167369692575542838e-03
4.599009149681332342e-02
-5.463430809417286343e-02
-5.344021249442287153e-02
-1.401239789237050670e-02
9.987636873835732676e-02
-3.623098423903819282e-02
3.852141010989860309e-02
4.251450278943134237e-02
-9.792265920207519209e-03
-7.785254789449899682e-02
-3.017814523774129953e-01
-5.286507648186884560e-03
9.999987588373865366e-02
-2.739268051441524077e-01
-4.557513627942113565e-01
-3.880285564399422321e-02
3.828223504821495760e-01
-2.426765721277358012e-01
-3.851661097895814345e-01
-8.248114407340177701e-02
-2.499417820366511278e-01
-2.076825624680972704e-01
-5.548744430037303443e-01
-1.035013048433187366e-01
-4.062287534890509644e-01
-2.107034357768564625e-01
-7.074568203875558625e-01
2.803010581932303957e-02
9.782675709257405636e-03
2.093289399262849848e-01
-1.319142919002270209e-01
4.498549184717319238e-01
8.119359739636296258e-02
4.326766782290407121e-01
-1.028214452728842820e-01
1.704312675435438462e-01
-8.135023241291036711e-02
-3.160390041700144592e-01
1.243109699432119880e-01
2.506186271887222428e-01
-1.209414348341240619e-01
-1.661899269732917406e-01
-2.904123357176590162e-02
4.592866476010348253e-01
9.806129515901489124e-02
1.138877528268886219e-02
4.606489402596509325e-02
-1.245247943320364897e-01
3.895816956321710572e-02
-9.873636262584242762e-02
5.807269847726328343e-02
-1.411657317131061740e-01
7.959897060940171465e-02
2.038535496187099672e-01
-5.976107783472111440e-02
-1.009748955986572022e-01
8.680300091613177282e-02
7.801867795084505008e-02
3.146919457471578779e-02
-1.016257205567954180e-01
1.816362760708790103e-01
8.997922007029635766e-03
5.663531545971801223e-02
-1.095726251405223645e-01
2.326111984239646324e-01
4.678753127668753425e-02
1.163309619455994287e-01
-3.190115413144491985e-01
2.434423214271958236e-01
4.801098913994861772e-01
-7.528448866828410524e-02
-2.353827563995238570e-01
1.288077502629585702e-01
1.140116565044511227e-01
2.241318550288007652e-02
3.947242669449966407e-02
3.553401918471859461e-02
7.332776557968916087e-02
-2.875549905237406723e-02
1.056197036699855069e-01
1.286545699869395126e-02
5.384780193340313326e-02
-1.850616578087243766e-02
3.746126367139464980e-02
-1.421930401260543611e-02
-2.562816670335064939e-02
4.665060680277765930e-03
8.070743510206011828e-02
-8.544523009483736761e-03
-3.348304056723657579e-02
1.270346244485339414e-02
5.693944663279350976e-02
-1.782692375547683394e-01
2.524912336919164779e-02
-1.881307113522685467e-02
-9.661503471699228740e-02
-1.687471167248930926e-01
4.549888397037609583e-02
-8.089038344651053314e-02
5.628993062201095160e-02
-1.811135196560805238e-01
-3.051121459403458025e-01
5.999194962597517722e-02
-2.411197315294904553e-01
-2.081060310713633565e-01
-9.060378438460406358e-02
-8.754475528621537272e-02
-1.388852470551149854e-01
1.475622655291218555e-01
7.676100272613167741e-02
-1.280481623457327932e-02
6.137456458402145570e-02
5.924777271667609063e-02
-1.349250009935014372e-03
-2.158920140206661148e-02
4.206576468669791929e-02
7.806136920082634711e-02
1.424146580529649375e-01
-4.956037621243718216e-02
2.028516875403476583e-01
1.410612307347358374e-01
7.531106424625223783e-02
6.712602245741193518e-02
3.717094208226148083e-02
3.092943795603475543e-01
1.922284062915781133e-01
-1.015373185478550266e-01
4.802855784015906959e-01
4.542143052003246861e-01
3.707255605047005131e-01
1.178628411575546597e-01
5.314878684346029392e-01
3.317527288489651727e-01
3.771836759743829592e-01
2.168195144120272505e-02
5.169976487693668243e-01
1.450446317663880158e-01
3.305646336898648840e-02
4.201969927047427555e-02
7.877637187729924495e-01
5.298275624959885438e-02
9.608464613716390101e-02
-2.316694363659333247e-02
9.014238705615224001e-02
4.848178841641158539e-03
7.722235714610881097e-02
-3.225620646335001368e-02
-6.249270061602153065e-02
-1.965201118780024112e-02
-1.545967697585364127e-02
-1.444303939866053337e-03
-1.496783349064090794e-03
-9.316662860298195389e-03
-3.105088179132475465e-02
9.658311137517101158e-03
1.050867452497779124e-02
2.748495279739300301e-01
7.816857446235628282e-02
-2.719400536686450431e-02
2.536438122673249085e-01
3.317330477741279871e-01
1.431537792212532467e-01
1.409544913566661006e-01
2.495919716485850426e-01
3.354511705763442708e-01
3.904055287681126307e-01
-4.197992581278295679e-03
2.200043069828182540e-01
2.214693253960876018e-01
1.013891225366549131e-01
4.147602526311347515e-02
4.779320228557269457e-01
1.965614701368643413e-01
1.943736315870981946e-01
-6.752296587208553302e-02
3.869669158830134070e-01
3.048678898255161585e-01
3.427968266759864324e-01
-1.750475100595469055e-02
3.403105771625858922e-01
2.796704699780513947e-02
4.184811135075185151e-02
3.750680924828488083e-02
3.588977132080631849e-01
1.202544290926142595e-01
8.707007315960677007e-03
8.255472991715358255e-02
4.261756003968146800e-01
1.941664158919604866e-01
1.983437261599168330e-03
7.086333836242432287e-03
1.102616942016563795e-01
2.226856895329831776e-01
6.674177918532209165e-04
1.514808686428362472e-01
9.470674981040436147e-02
2.241118403521860647e-01
4.231863570390606566e-01
1.464124845434227641e-02
2.445986061344419815e-01
1.589270882920112704e-01
1.268120363208697643e-01
8.505902398509228302e-02
3.269853601765608797e-01
2.946280892208354152e-02
-2.586166252815806296e-02
4.501757104865361514e-03
5.203503602433267455e-02
-2.247911890610166177e-02
-9.902370611309570247e-02
1.683996168915060515e-02
-5.132148757741826495e-02
9.057282902561972215e-02
1.739201768451705682e-02
3.389653112342729674e-02
9.287591772913768307e-02
3.702392412357193713e-02
2.297010287168833528e-02
1.885345319911484185e-02
-5.631446956426203188e-02
-4.444041625156123360e-02
3.153902462106260990e-02
-6.075679058510681518e-02
1.923398036083863172e-01
2.235104530132388245e-01
2.747535775758567222e-01
1.097053371153503820e-01
1.328179136822427719e-01
-1.649280982317258444e-04
-3.226759840525582346e-02
5.781457819816072236e-02
1.435512275471272914e-01
-1.582686025832479859e-01
-1.620292813990482084e-01
-4.556496379547205627e-02
5.399664343186115767e-01
8.648335818726583801e-02
1.042296967948836556e-01
-1.930411666413520827e-02
2.276422339634196768e-01
1.736194542022957976e-01
3.016010689671059786e-01
4.039904993848091735e-02
1.832930774987786282e-01
5.616302044447716441e-02
-3.311060009799959153e-02
3.538452136947262128e-02
2.084935781461235565e-02
8.014590350579095523e-03
-5.103898880513315500e-02
-7.569280302815480435e-03
3.929731290798890164e-01
4.828701990395646571e-02
1.246816889638247168e-02
-4.025051107924311825e-03
7.755725869700494379e-02
2.065863679475254677e-01
1.121317734033592112e-01
1.225686864899228207e-01
5.223461430303055070e-02
1.686790810375614624e-01
1.321996458282748421e-01
2.576811342936464674e-02
-3.231052221635070942e-02
-3.035833916113625519e-02
-6.114212805339266921e-02
-2.839638432707348656e-02
2.877643858188961290e-01
5.138703036203315366e-02
1.875113366031057605e-01
-1.196455463536268554e-01
4.143719583210821455e-01
8.750056098137747040e-02
2.912288979237503961e-01
-4.505303918765661553e-02
4.848653978122117181e-01
-8.340892821596432305e-02
-1.956309037969295450e-01
5.220064076865718605e-02
4.528208078566769434e-01
-4.771914299510228441e-02
-1.180821358406567156e-01
1.333619998024566239e-02
4.659696242211940898e-01
6.595159591020507417e-01
2.158899352532004934e-01
4.809073326226351863e-01
5.580483148370268820e-02
-1.253274116493937329e-01
-1.065145129054519413e-01
-3.726896471305294334e-01
-9.719048511877050045e-02
-1.555521998890340048e-02
2.460091530591002398e-02
-8.262722397491720217e-02
-5.719733608186156060e-02
-1.518085159623532576e-01
-1.942740614372109181e-02
-9.218509305846851742e-02
-8.269944842605028712e-02
-3.201286136302928798e-01
1.286526177543118217e-02
-1.697699632877697484e-01
1.169084904893164835e-02
-8.048534596108306016e-02
5.728225511934312286e-02
1.488895814880505930e-02
-3.056552773945150903e-02
-1.874777753787030751e-02
-2.016174844545393433e-02
2.266982407027533925e-02
9.862817575110354590e-03
6.950391705080274929e-02
-2.515197011580406344e-02
2.433241371804462441e-02
1.467649971365894181e-02
-5.578762431054069548e-01
4.445180515959467477e-02
-1.992904376634926644e-01
5.592371346783278629e-02
-3.991878273185711645e-01
-3.839369338401603382e-02
-1.832506093883798926e-01
-7.807682377264167639e-02
-4.463899829048300488e-02
-8.365044955080171152e-02
9.171302571003910054e-03
1.248583334990321404e-02
9.226498787401185564e-02
-3.078511529882224651e-02
2.106419114392319575e-02
-7.332400424653474046e-03
1.003405833479196763e-01
8.663187905165334324e-02
9.025911619069411362e-02
2.664064395453174736e-02
-4.049622198862107975e-02
9.769986910402150837e-03
-5.079479240458140837e-02
-2.231190622925513165e-02
-2.343308702606102661e-02
-3.848367453593593782e-03
-2.272217371801801833e-02
-1.560969877589474253e-02
-1.440083942120745121e-02
-1.516860361565274852e-02
-1.484297551737736101e-02
-1.674918680535239859e-02
4.744086353069713602e-01
-1.512741034146861119e-01
-2.130162948948748358e-01
-9.847092062206484753e-02
2.331113128642041676e-01
-4.105812714600117624e-02
9.338134377059889579e-02
4.375583965851457396e-02
9.119554318662984049e-02
4.828702705682321600e-02
4.149507496079326424e-02
4.290120059191801505e-02
-8.591328062887772232e-02
5.894512425476618883e-02
8.182558294068925653e-02
4.420835214818281261e-02
-2.086783464196804438e-01
1.636358334891006572e-01
1.494234834769545828e-01
5.146766098867811001e-02
-1.540264810510545701e-01
5.851333103917309014e-02
8.766472826098329479e-03
8.085464090870080056e-02
-5.018833240020143666e-02
-7.956041873466762962e-03
7.079643419316997838e-03
-2.324515908565662897e-02
3.439839447388647747e-02
-7.431349695219592599e-02
-8.110779409739166113e-02
-2.058343895197629544e-02
-2.589260324267163571e-01
4.064404241190895939e-01
6.963938222451493409e-01
1.075751103336265377e-02
-7.811011674970480545e-01
-1.798532394345668806e-01
-7.137723282517938195e-01
4.262406464756746810e-02
-1.501705600476069269e-01
-1.025839578626068921e-01
-1.645729834946726422e-01
-7.927437584915132673e-02
2.380371577406466266e-02
-1.025297863243137403e-01
-1.559377895043302653e-01
-1.182297148746381810e-01
1.152175192048104369e-01
7.975324303602784881e-02
2.482185469126959448e-02
6.707216823959885610e-02
-4.585258896887074026e-02
2.622987867000114992e-02
-3.842314593679600765e-02
-5.694828879693152740e-02
-2.318889188933473400e-02
-1.050271769970650580e-03
-1.134835269962799521e-02
-1.049408387830563089e-02
-1.998004697165828292e-02
-1.459987400626945944e-02
-4.358911942671166856e-03
-1.740916023232554760e-02
-3.748699886876245002e-01
2.858494024951120926e-01
3.372537041239950795e-01
2.075554213832781197e-03
-5.612465501573326021e-01
-1.311082380303055239e-01
-4.494655767941756475e-01
6.092069997941739964e-03
-1.040047385504031530e-01
-9.964223369301754285e-02
-1.154397247584980218e-01
-4.142089054139527077e-02
2.375036837407066073e-02
-8.852465855027524810e-02
-7.389741308255966257e-02
-7.222590880987710127e-02
1.286214060526990055e-01
3.150099340716795981e-01
5.079014253610564245e-01
5.201533834133923589e-02
-5.120151674967979849e-01
-9.250238822435589980e-02
-3.157643086886345318e-01
7.269703916169241442e-02
-8.782169015704319182e-02
-2.676474825381774600e-02
-6.385870018072394017e-02
-4.359968824717501412e-02
-7.543508432246516515e-02
-6.986533256924468138e-02
-1.190242129505669072e-01
-7.681528901643590312e-02
-5.594172475121630406e-01
1.737347228867789084e-01
2.805494258249495165e-01
9.613181016360668185e-03
-4.405499014898651700e-01
-4.717229513482272540e-02
-2.535032302836485174e-01
-4.818995397245303563e-04
-8.148309590582988871e-02
-5.348545846174787566e-02
-4.588871410764711056e-02
-4.492163114205311586e-02
5.514389396890933409e-02
-4.647262591657274483e-02
-3.653464965777492024e-02
-4.539543473263901729e-02
9.383152361410540890e-03
6.395935521151610570e-02
5.338904999263612006e-02
3.247985728792840421e-02
1.129137843449756762e-01
2.824025916250099549e-02
5.357693464256841481e-02
-3.193426177652262249e-02
-2.364230663613708580e-02
-1.173222477118230668e-02
-1.512058181992345651e-02
-1.505830314471028920e-02
-1.615448282015276640e-02
-1.672757996838322714e-02
-1.126296908010613468e-02
-9.278691974044175547e-03
6.921787555117296653e-02
-5.025888442515815541e-02
2.868809971626515298e-01
-4.160988552729686513e-02
-1.612380095120692913e-01
-1.828601437929876228e-01
-6.198382442505608880e-01
-7.957390889293562697e-02
-1.325416138421932864e-02
-2.550212125328097344e-03
-7.165464250187807138e-02
-2.584519375311656805e-02
1.513483055982559056e-02
4.002703890672077575e-02
-6.486381141164794528e-02
-8.793963433465312729e-02
1.255859401578882095e-01
9.886667599961397601e-02
1.859457114588712601e-01
6.372854274095011290e-03
-1.404939748400281796e-01
-1.079297283627849019e-01
-4.540567747902927720e-01
-6.474791792955886249e-02
-4.290323104358795270e-02
-1.324791355096497855e-02
-9.466909164308315305e-02
-1.013119022256792762e-02
-3.003640789438037986e-02
-1.050548465703447440e-02
-1.379021639259337718e-02
-5.989633102755859834e-02
-8.111219304386783902e-02
-4.528904540127386548e-04
3.867899528498409956e-02
-6.109729956637229703e-02
-1.648288567750763323e-01
-1.293360132890279401e-01
-4.168624464744308811e-01
-3.833516077318133153e-02
-1.306111253677556990e-02
-3.796384310313301313e-02
-2.585557740245425160e-02
8.058840743611930119e-03
1.282361139261047403e-02
2.717231076886070500e-03
-3.599002340512823944e-02
-5.060018505979538977e-02
3.965215129227442348e-01
2.022336041508928650e-01
5.785257770514858899e-01
5.005384342294132149e-03
-2.372760936342832583e-01
-9.227515798206074871e-02
-3.111749669489956571e-01
4.481879513135442888e-02
-5.847354744491037315e-02
8.227097140805869624e-03
-1.091633872105142872e-01
-5.948438888593113316e-02
-6.607446789670796961e-02
-2.867957281244903206e-02
-1.073506797815795000e-01
-7.001032950586266734e-02
7.754407934383536483e-02
2.126370848928632318e-01
-4.984035594052282220e-02
-2.396922951743679919e-01
-3.332410465372045300e-02
1.679826944648656756e-03
-3.477152321884910413e-02
1.787686446347835079e-01
-1.009583566761732519e-02
-1.592092867951212668e-03
-7.310726544917070698e-03
2.571493940760700980e-02
-1.464825807006060049e-02
-6.887757428082302846e-02
2.356622017066917207e-02
6.032450868541817945e-02
-6.428521254298645571e-02
-1.383426935561663518e-01
2.836573351814096478e-02
6.730446038909018713e-02
2.655915924551225868e-02
-3.617557445926646714e-02
3.665359542840149198e-02
2.506636409308045810e-03
7.692809986644454610e-03
-5.476564038611013430e-03
7.605978423546684922e-03
-1.275529225146434988e-03
1.244540311872795180e-02
4.565073379229100947e-02
-1.483055919249358368e-02
-2.016139854840157467e-02
-1.403489243392566366e-01
-2.830812490547496840e-01
5.894238938493294444e-02
6.938391063000068359e-02
1.224901877308043861e-02
-1.151991098489801579e-01
6.026135776989576670e-02
1.002114634939683530e-01
1.387485469368946595e-02
1.840492419193449566e-02
4.559802206242309966e-04
-2.217469025195392338e-03
2.822375304619651609e-02
6.032252411113477736e-02
-1.318127572148260034e-02
-8.601147098912789377e-03
7.654080026583143410e-03
1.776715063097794242e-02
-3.832352988077165901e-03
-5.019543823692208806e-02
1.753191986582924161e-03
-3.710517419072002776e-03
2.467864324191928679e-03
1.713283861459559757e-02
-1.160097170803990867e-03
-8.090187107811222175e-03
3.166612894925465403e-03
1.215386713896695822e-02
-1.435879876618141723e-03
-1.327749168309132720e-03
1.925377008860762581e-04
8.124635994382385304e-03
1.358684280662016963e-01
1.986894192854019858e-01
-3.086732005523835226e-02
1.555087427252506427e-01
-7.912577850624684384e-02
6.362534630497330979e-02
-6.931878364767056488e-02
-2.643176664893764211e-02
-1.164989949652906961e-02
1.199510328393637963e-02
-9.528092323448884154e-03
-1.841498278860395979e-02
-3.306246427035448854e-02
-4.949801885117355305e-02
8.463710940529643040e-03
-4.211992307457185225e-02
-7.826917813228363718e-02
-1.103570935371449152e-01
1.885696185208992834e-02
-1.045286480562001991e-01
5.534585164547694419e-02
-1.219468753192175410e-02
4.003503535281300457e-02
-4.059791062041680915e-02
8.369035002791447991e-03
-6.150298440051063520e-03
7.585814516357832979e-03
-7.936774558847061248e-03
1.705634961635065991e-02
2.998880219717514617e-02
-7.542169553091393475e-03
4.209714172612392946e-02
-1.635096973939570153e-01
-2.045694443977784938e-01
3.044684272085311505e-02
-4.239828890270475048e-01
2.214965306769467804e-02
-1.538861233330586220e-01
6.393289308691212092e-02
3.219601080220707567e-01
1.548377524295549597e-02
-1.320336154165472134e-02
1.108197999325991577e-02
7.557601111136322269e-02
3.509628508303749839e-02
3.921850859987990878e-02
-3.624656538222558507e-03
9.756117219527295215e-02
9.680124776654558394e-03
1.629550227361583128e-02
-2.761395802591307905e-03
-1.213747754159073822e-02
2.558343967185990834e-03
-4.577701844278472647e-03
2.971524023307481940e-03
1.162618377367536336e-02
-1.528074595658317951e-03
-3.944527067506710914e-03
5.388500625336542591e-04
3.261004807674786933e-03
-1.294937760630515081e-03
-2.335483554606397009e-03
1.202339362580587918e-03
1.952804463627688366e-03
-2.085242030867950347e-01
-2.652139534501390394e-01
4.624268153117045560e-02
-2.165648353676409843e-01
4.568386406923521936e-02
-1.465581972034626923e-01
8.499694021223391793e-02
2.350287804575522388e-01
1.901285192817791375e-02
8.386306283520878271e-03
2.769283556243299672e-03
6.089185568175672220e-02
5.693034400604259082e-02
5.857404264126600535e-02
-1.977837692641078692e-03
4.249271926898037788e-02
-5.632730282859404330e-02
-8.061722266554213756e-02
-2.015270004530542863e-02
-3.061159619542126453e-01
5.253911096899761823e-02
-9.851043473279348650e-02
7.326453061244404819e-02
9.057722266391213251e-02
1.599576346762981516e-03
-2.463057385462903356e-02
1.215457970793380228e-02
2.183489544914763228e-02
-3.582538220805695905e-03
8.631529158693312595e-03
5.677324905193546073e-03
6.703394686222162446e-02
-1.144720002675093246e-01
-2.673498438389327325e-01
1.138787217739759688e-02
-2.208648948120544575e-01
2.429905903396406899e-02
-1.265575579824018693e-01
8.419134335936577507e-02
9.646825812319102800e-02
-4.560045776034145348e-03
-9.459784873037474506e-03
1.292342806628997420e-02
1.074349440143471980e-02
9.045514962889482716e-03
3.265573663635964324e-02
2.527946987531067328e-04
2.243041270558351202e-02
-7.207990803830198467e-02
-7.379256969404027200e-02
-4.034941836276207143e-04
-7.092723488916481689e-02
1.257862619788450986e-02
-9.097289476005916697e-03
1.202328901207872988e-02
9.296478164878642370e-03
1.090883050954761027e-02
2.714824437521301103e-03
5.902827625224507831e-03
8.787374740969904063e-03
1.332458722863645584e-02
1.463528950451753984e-02
-2.330382869161496881e-03
1.511368784747879092e-02
7.510212870972432508e-02
9.518155483807862194e-02
-9.047967710413062220e-03
-1.781644489214446181e-01
-4.863066331243941220e-02
-5.288650297273989748e-02
-3.336458358942209768e-02
3.703200790247831997e-01
-8.795543999135759655e-03
-6.005690042458492611e-03
-6.304767535707327640e-03
3.214879036159862952e-02
-1.966454078734627964e-02
-3.729358097169634123e-02
8.049308936925785030e-03
5.626149926177965305e-02
-1.688666395827398067e-02
5.162381487225175397e-02
-1.156277569399535854e-02
-8.648781993081648689e-02
2.119117729628099047e-03
-2.569509287154764579e-02
4.766680933909773869e-03
2.672776111592113923e-01
4.718114658037417014e-04
-1.435202542600877212e-03
-8.485771079577249167e-05
4.655529384876567339e-02
1.401471159892534422e-02
-2.284947771590581378e-02
8.699267272117904709e-03
2.220933082513064545e-03
-4.475232357022908281e-02
-2.726728729466061305e-02
9.512219016236117194e-03
-3.208736102373787452e-02
-2.896918829939641726e-02
-5.769971799565964954e-02
-1.061503173454017915e-02
2.237397111382544990e-01
1.555716649577522891e-02
5.792466716527996246e-03
1.171364170669809382e-04
9.246991081254412465e-03
1.718466302146062427e-02
1.158018295878035335e-02
-4.416137675143897053e-04
3.531221285435443002e-02
6.865522265340051611e-02
1.507828733491984596e-01
-2.642391001590454688e-02
-2.654893158024336786e-01
-5.775413946444518318e-03
-4.530537456877796292e-03
-6.557543560507571659e-03
1.114008432884818767e-01
-1.011624023068008991e-02
-2.840637531326050888e-02
5.434001542361308577e-03
4.843373687059894517e-02
-1.331176670716742623e-02
-3.297870306376671223e-02
8.131549281123549855e-03
5.220714733707869371e-02
